actedIn	173	0	0	0	0	1369.47	19.36	7.23	0.114	0	0	0	0	1333.1	18.21	6.94	0.111	0	0	0	0	2063.28	18.79	8.38	0.126	0	0	0	0	4845.17	16.47	8.67	0.117	0	0	0	0	2850.53	18.21	8.67	0.119	0	0	0	0	4455.79	10.12	4.91	0.065	59739.72	0.58	0.58	0.006	59735.44	0.58	0.58	0.006
created	49	0	0	0	0	2196.95	52.04	17.35	0.282	0	0	0	0	1704.91	42.86	12.24	0.224	0	0	0	0	2359.66	46.94	15.31	0.26	0	0	0	0	2320.67	54.08	19.39	0.319	0	0	0	0	3053.07	48.98	19.39	0.31	0	0	0	0	3995.92	53.06	22.45	0.331	40801.49	28.57	23.47	0.26	40799.84	28.57	25.51	0.27
dealsWith	7	0	0	0	0	16.93	64.29	0.0	0.221	0	0	0	0	41.86	28.57	0.0	0.136	0	0	0	0	31.29	64.29	7.14	0.255	0	0	0	0	14.0	50.0	28.57	0.394	0	0	0	0	19.79	64.29	0.0	0.196	0	0	0	0	14.43	64.29	21.43	0.333	15889.79	57.14	7.14	0.225	15886.71	71.43	28.57	0.368
diedIn	49	0	0	0	0	5195.3	28.57	2.04	0.12	0	0	0	0	9362.43	27.55	15.31	0.186	0	0	0	0	11556.9	26.53	10.2	0.155	0	0	0	0	8154.88	23.47	11.22	0.165	0	0	0	0	8082.97	31.63	13.27	0.195	0	0	0	0	12531.93	22.45	8.16	0.128	49478.65	16.33	10.2	0.125	49459.33	16.33	11.22	0.131
directed	30	0	0	0	0	1448.7	56.67	41.67	0.458	0	0	0	0	363.63	60.0	41.67	0.474	0	0	0	0	348.33	61.67	38.33	0.475	0	0	0	0	3788.28	60.0	41.67	0.479	0	0	0	0	1979.33	63.33	43.33	0.501	0	0	0	0	3174.12	58.33	41.67	0.476	43191.9	28.33	25.0	0.267	43190.73	28.33	26.67	0.275
edited	22	0	0	0	0	454.64	29.55	11.36	0.165	0	0	0	0	264.0	34.09	11.36	0.173	0	0	0	0	238.93	34.09	6.82	0.153	0	0	0	0	1337.45	31.82	11.36	0.176	0	0	0	0	676.66	38.64	15.91	0.229	0	0	0	0	2335.36	34.09	20.45	0.251	65604.84	0.0	0.0	0.0	65602.02	0.0	0.0	0.0
exports	3	0	0	0	0	42.17	50.0	0.0	0.137	0	0	0	0	44.17	50.0	0.0	0.128	0	0	0	0	44.33	50.0	0.0	0.125	0	0	0	0	185.67	16.67	0.0	0.061	0	0	0	0	46.67	33.33	0.0	0.099	0	0	0	0	35.83	33.33	0.0	0.136	19.17	16.67	0.0	0.068	18.0	16.67	0.0	0.078
graduatedFrom	42	0	0	0	0	2721.75	38.1	14.29	0.216	0	0	0	0	6973.98	26.19	8.33	0.151	0	0	0	0	8649.87	30.95	10.71	0.174	0	0	0	0	4135.82	33.33	5.95	0.136	0	0	0	0	4013.0	32.14	9.52	0.168	0	0	0	0	9027.13	33.33	8.33	0.156	54253.92	11.9	4.76	0.069	54248.6	11.9	4.76	0.073
happenedIn	21	0	0	0	0	101.36	69.05	42.86	0.513	0	0	0	0	63.12	71.43	21.43	0.347	0	0	0	0	51.93	69.05	21.43	0.374	0	0	0	0	434.48	64.29	38.1	0.483	0	0	0	0	665.4	66.67	26.19	0.4	0	0	0	0	689.36	73.81	33.33	0.483	40708.64	47.62	30.95	0.382	40706.76	47.62	40.48	0.429
hasAcademicAdvisor	5	0	0	0	0	284.2	10.0	0.0	0.03	0	0	0	0	106.1	10.0	10.0	0.124	0	0	0	0	64.9	20.0	10.0	0.14	0	0	0	0	331.5	0.0	0.0	0.015	0	0	0	0	67.9	30.0	0.0	0.097	0	0	0	0	446.0	20.0	0.0	0.037	72436.5	0.0	0.0	0.0	72436.0	0.0	0.0	0.0
hasCapital	13	0	0	0	0	12478.62	73.08	23.08	0.437	0	0	0	0	8587.27	65.38	11.54	0.3	0	0	0	0	8180.0	69.23	34.62	0.48	0	0	0	0	3839.5	57.69	38.46	0.466	0	0	0	0	17003.73	61.54	50.0	0.545	0	0	0	0	7936.88	73.08	50.0	0.555	36570.54	38.46	38.46	0.385	36570.04	38.46	38.46	0.385
hasChild	24	0	0	0	0	8041.54	56.25	0.0	0.181	0	0	0	0	3669.65	52.08	4.17	0.158	0	0	0	0	6326.92	66.67	6.25	0.231	0	0	0	0	2546.54	35.42	6.25	0.137	0	0	0	0	8334.9	37.5	10.42	0.207	0	0	0	0	1126.46	52.08	8.33	0.225	42988.58	27.08	22.92	0.25	42988.15	27.08	22.92	0.25
hasGender	297	0	0	0	0	2843.27	50.34	44.61	0.473	0	0	0	0	6992.66	30.3	8.08	0.18	0	0	0	0	27554.41	5.05	3.7	0.042	0	0	0	0	5649.29	50.0	46.46	0.481	0	0	0	0	3162.48	49.83	46.3	0.481	0	0	0	0	4078.37	50.0	46.63	0.484	47577.6	3.54	3.2	0.035	38207.51	4.88	3.54	0.042
hasMusicalRole	36	0	0	0	0	758.1	45.83	20.83	0.284	0	0	0	0	2221.61	41.67	20.83	0.286	0	0	0	0	1815.64	44.44	23.61	0.289	0	0	0	0	869.39	41.67	18.06	0.257	0	0	0	0	592.69	43.06	20.83	0.277	0	0	0	0	1213.0	43.06	22.22	0.293	11967.44	50.0	12.5	0.243	11961.11	50.0	23.61	0.32
hasNeighbor	2	0	0	0	0	4.25	100.0	0.0	0.265	0	0	0	0	8.25	50.0	0.0	0.285	0	0	0	0	9.25	50.0	0.0	0.281	0	0	0	0	2.25	100.0	25.0	0.563	0	0	0	0	1.75	100.0	25.0	0.625	0	0	0	0	1.5	100.0	50.0	0.75	1.75	100.0	75.0	0.813	1.0	100.0	100.0	1.0
hasOfficialLanguage	2	0	0	0	0	3.5	100.0	25.0	0.425	0	0	0	0	22.75	50.0	25.0	0.315	0	0	0	0	13.5	50.0	25.0	0.321	0	0	0	0	45.5	50.0	50.0	0.515	0	0	0	0	12.5	75.0	50.0	0.548	0	0	0	0	6.0	75.0	50.0	0.596	14.0	50.0	0.0	0.185	10.5	75.0	25.0	0.321
hasWebsite	1	0	0	0	0	74.5	50.0	50.0	0.503	0	0	0	0	76.5	50.0	50.0	0.503	0	0	0	0	67.5	50.0	50.0	0.504	0	0	0	0	28.5	50.0	50.0	0.509	0	0	0	0	117.5	0.0	0.0	0.009	0	0	0	0	93.0	50.0	0.0	0.253	7.5	50.0	50.0	0.536	7.5	50.0	50.0	0.536
hasWonPrize	111	0	0	0	0	1672.51	41.89	14.86	0.236	0	0	0	0	694.77	45.5	19.37	0.286	0	0	0	0	918.61	47.3	18.92	0.285	0	0	0	0	1303.2	44.14	15.77	0.249	0	0	0	0	2402.62	45.95	17.57	0.274	0	0	0	0	5233.79	43.69	18.02	0.267	61450.02	5.41	0.45	0.021	61431.06	5.41	0.9	0.023
influences	47	0	0	0	0	1321.12	22.34	0.0	0.079	0	0	0	0	3085.07	21.28	1.06	0.076	0	0	0	0	3826.67	31.91	4.26	0.138	0	0	0	0	1663.76	23.4	4.26	0.094	0	0	0	0	2209.62	26.6	6.38	0.125	0	0	0	0	1616.09	28.72	6.38	0.135	61602.82	4.26	3.19	0.035	61597.3	4.26	3.19	0.035
isAffiliatedTo	1673	0	0	0	0	182.74	82.22	64.32	0.708	0	0	0	0	346.64	77.88	51.73	0.607	0	0	0	0	427.51	78.57	52.78	0.617	0	0	0	0	392.81	83.02	64.94	0.715	0	0	0	0	211.87	79.14	56.37	0.643	0	0	0	0	854.71	77.05	52.96	0.615	15829.68	75.25	74.36	0.748	15823.79	75.25	75.1	0.752
isCitizenOf	15	0	0	0	0	780.3	46.67	23.33	0.306	0	0	0	0	2244.0	40.0	23.33	0.286	0	0	0	0	427.57	36.67	26.67	0.31	0	0	0	0	1156.77	43.33	20.0	0.27	0	0	0	0	1295.63	50.0	16.67	0.269	0	0	0	0	3685.37	50.0	26.67	0.331	26643.73	20.0	16.67	0.18	26639.63	23.33	16.67	0.181
isConnectedTo	150	0	0	0	0	63.53	61.67	0.0	0.197	0	0	0	0	455.23	62.0	9.0	0.251	0	0	0	0	452.93	65.33	13.33	0.304	0	0	0	0	64.45	73.33	29.33	0.444	0	0	0	0	118.96	74.0	31.0	0.455	0	0	0	0	107.74	70.67	20.0	0.366	20592.37	66.0	61.67	0.638	20584.43	66.0	65.33	0.657
isInterestedIn	2	0	0	0	0	11.0	50.0	25.0	0.361	0	0	0	0	10.25	50.0	25.0	0.407	0	0	0	0	9.0	75.0	25.0	0.446	0	0	0	0	3.25	100.0	50.0	0.615	0	0	0	0	3.0	100.0	75.0	0.778	0	0	0	0	3.25	100.0	75.0	0.775	17.0	50.0	25.0	0.391	9.0	50.0	50.0	0.53
isLeaderOf	4	0	0	0	0	9358.5	25.0	0.0	0.049	0	0	0	0	21792.25	12.5	0.0	0.019	0	0	0	0	12396.88	25.0	0.0	0.041	0	0	0	0	5852.38	25.0	0.0	0.077	0	0	0	0	66835.63	12.5	0.0	0.03	0	0	0	0	31932.63	25.0	0.0	0.095	69762.88	0.0	0.0	0.0	69762.75	0.0	0.0	0.0
isLocatedIn	411	0	0	0	0	4330.33	43.92	0.0	0.16	0	0	0	0	2842.44	48.05	17.15	0.274	0	0	0	0	2405.83	50.61	18.98	0.296	0	0	0	0	2309.54	48.05	25.43	0.334	0	0	0	0	7783.84	42.7	19.46	0.272	0	0	0	0	2912.91	52.31	25.43	0.351	48092.48	13.75	2.8	0.057	48010.84	17.03	3.89	0.077
isMarriedTo	17	0	0	0	0	8.53	82.35	0.0	0.317	0	0	0	0	2.71	97.06	38.24	0.643	0	0	0	0	1.85	100.0	47.06	0.709	0	0	0	0	1.09	100.0	91.18	0.956	0	0	0	0	1.03	100.0	97.06	0.985	0	0	0	0	1.03	100.0	97.06	0.985	1.03	100.0	97.06	0.985	1.0	100.0	100.0	1.0
isPoliticianOf	10	0	0	0	0	53.5	80.0	45.0	0.532	0	0	0	0	13.1	85.0	55.0	0.687	0	0	0	0	59.5	85.0	70.0	0.757	0	0	0	0	52.0	55.0	30.0	0.376	0	0	0	0	98.6	50.0	20.0	0.303	0	0	0	0	6.4	90.0	60.0	0.728	22850.25	45.0	15.0	0.207	22849.25	45.0	30.0	0.33
livesIn	11	0	0	0	0	805.82	31.82	9.09	0.17	0	0	0	0	2478.18	36.36	13.64	0.244	0	0	0	0	3800.73	36.36	13.64	0.227	0	0	0	0	8351.5	27.27	4.55	0.134	0	0	0	0	4623.23	31.82	9.09	0.164	0	0	0	0	427.05	36.36	13.64	0.249	29223.82	27.27	13.64	0.169	29222.77	27.27	13.64	0.178
owns	5	0	0	0	0	930.9	30.0	0.0	0.105	0	0	0	0	19993.7	30.0	20.0	0.226	0	0	0	0	10013.2	50.0	20.0	0.258	0	0	0	0	424.3	40.0	10.0	0.16	0	0	0	0	6375.9	50.0	20.0	0.306	0	0	0	0	264.5	50.0	20.0	0.31	40467.4	10.0	0.0	0.033	40466.9	10.0	0.0	0.05
participatedIn	19	0	0	0	0	3479.74	60.53	23.68	0.348	0	0	0	0	2028.53	52.63	13.16	0.247	0	0	0	0	3098.87	50.0	23.68	0.312	0	0	0	0	2047.53	47.37	23.68	0.32	0	0	0	0	5024.39	55.26	23.68	0.35	0	0	0	0	1343.16	63.16	18.42	0.316	29842.13	52.63	28.95	0.355	29837.5	52.63	36.84	0.418
playsFor	1492	0	0	0	0	139.5	82.61	47.65	0.605	0	0	0	0	438.24	81.57	40.52	0.547	0	0	0	0	408.25	82.34	42.73	0.565	0	0	0	0	425.33	83.68	52.82	0.639	0	0	0	0	241.51	83.18	43.77	0.577	0	0	0	0	582.04	80.86	48.36	0.598	7324.87	87.53	86.8	0.872	7324.08	87.53	87.43	0.875
wasBornIn	210	0	0	0	0	5911.22	28.81	6.9	0.148	0	0	0	0	10079.37	29.29	10.48	0.169	0	0	0	0	11948.5	27.14	10.71	0.16	0	0	0	0	8188.45	25.24	8.81	0.143	0	0	0	0	7418.25	32.14	13.81	0.203	0	0	0	0	16536.61	23.33	9.05	0.14	53586.78	3.33	1.9	0.022	53563.81	3.33	1.9	0.022
worksAt	15	0	0	0	0	1110.77	56.67	26.67	0.37	0	0	0	0	239.6	43.33	20.0	0.272	0	0	0	0	197.0	56.67	30.0	0.354	0	0	0	0	2589.33	53.33	33.33	0.395	0	0	0	0	929.7	56.67	23.33	0.337	0	0	0	0	1956.0	50.0	26.67	0.347	38972.03	50.0	26.67	0.334	38968.6	50.0	26.67	0.341
wroteMusicFor	32	0	0	0	0	968.41	34.38	12.5	0.192	0	0	0	0	725.94	25.0	10.94	0.157	0	0	0	0	2269.61	31.25	12.5	0.2	0	0	0	0	2758.39	31.25	20.31	0.232	0	0	0	0	898.19	35.94	18.75	0.237	0	0	0	0	2352.47	28.13	15.63	0.204	63766.75	6.25	6.25	0.063	63763.0	6.25	6.25	0.063
