/award/award_category/category_of	20	13.82	72.5	60.0	0.643	1.65	100.0	85.0	0.893	58.92	50.0	37.5	0.412	48.2	77.5	60.0	0.653	176.18	47.5	35.0	0.417	165.95	72.5	52.5	0.606	285.07	37.5	37.5	0.385	264.4	75.0	65.0	0.701	20.18	62.5	45.0	0.548	1.43	100.0	72.5	0.849	30.77	42.5	37.5	0.402	15.93	77.5	72.5	0.75	1402.95	37.5	37.5	0.385	1387.55	75.0	52.5	0.575
/award/award_category/disciplines_or_subjects	15	40.9	53.33	0.0	0.16	29.23	76.67	26.67	0.458	1158.6	46.67	13.33	0.217	1148.2	56.67	26.67	0.344	146.17	36.67	6.67	0.138	135.33	53.33	10.0	0.227	26.27	50.0	3.33	0.199	12.8	76.67	56.67	0.635	22.83	50.0	3.33	0.195	9.83	73.33	50.0	0.582	335.87	56.67	13.33	0.303	325.13	83.33	50.0	0.593	1361.13	43.33	10.0	0.223	1353.0	73.33	43.33	0.54
/award/award_category/nominees./award/award_nomination/nominated_for	858	113.88	21.74	1.98	0.082	69.25	44.17	9.67	0.203	123.2	24.07	2.91	0.097	81.55	38.93	7.93	0.177	131.88	24.36	3.21	0.098	88.34	42.89	9.21	0.198	147.08	15.97	0.17	0.05	87.0	46.85	8.45	0.203	107.96	19.52	0.52	0.062	55.71	50.06	8.92	0.218	101.2	25.82	2.04	0.09	57.59	50.58	13.23	0.254	1792.9	20.05	1.92	0.077	1783.87	30.19	3.9	0.121
/award/award_category/winners./award/award_honor/award_winner	217	308.32	26.04	2.3	0.107	294.71	36.64	8.29	0.184	486.22	26.27	4.38	0.123	474.76	35.71	7.14	0.158	560.36	27.88	6.22	0.132	548.27	35.48	9.22	0.172	357.0	24.19	2.07	0.086	341.65	37.56	5.99	0.153	338.84	26.96	3.0	0.103	324.26	42.63	8.76	0.189	296.21	33.41	4.61	0.132	283.52	47.7	11.06	0.222	2946.39	35.05	3.04	0.114	2943.85	38.55	4.91	0.151
/award/award_category/winners./award/award_honor/ceremony	323	30.44	26.78	1.86	0.098	5.77	88.08	43.19	0.577	25.13	31.89	3.25	0.118	3.31	93.19	54.33	0.67	26.16	32.97	4.33	0.133	4.05	94.89	43.96	0.617	37.1	9.29	0.0	0.051	2.36	97.83	61.61	0.744	34.58	12.54	0.15	0.057	2.07	98.14	70.43	0.801	28.25	25.39	0.93	0.084	1.73	99.23	74.92	0.837	313.39	80.19	13.93	0.331	309.37	95.67	61.61	0.736
/award/award_ceremony/awards_presented./award/award_honor/award_winner	317	116.56	33.28	5.68	0.148	103.67	43.06	16.09	0.245	199.82	24.76	4.89	0.113	187.53	28.71	6.94	0.134	236.92	26.5	3.47	0.108	224.09	28.71	5.52	0.132	221.98	29.97	4.1	0.122	206.12	45.27	17.67	0.263	96.65	35.17	4.89	0.15	82.56	51.74	23.97	0.329	148.03	35.96	7.57	0.166	136.76	47.63	18.3	0.274	2142.88	55.36	21.45	0.317	2140.76	59.78	25.39	0.355
/award/award_ceremony/awards_presented./award/award_honor/honored_for	121	162.62	39.26	5.37	0.151	157.02	42.98	12.4	0.218	233.19	17.77	2.89	0.077	227.93	19.83	3.31	0.087	337.69	19.01	2.07	0.074	331.95	21.49	3.31	0.095	286.05	23.14	2.89	0.097	279.5	31.82	13.64	0.208	103.66	42.98	7.85	0.186	97.69	51.65	22.31	0.332	113.71	40.5	5.79	0.151	108.66	45.45	12.81	0.22	1902.77	61.16	19.83	0.31	1901.31	64.46	25.62	0.372
/award/award_nominated_work/award_nominations./award/award_nomination/nominated_for	16	12.81	68.75	0.0	0.185	8.63	90.63	0.0	0.339	48.16	65.63	0.0	0.184	45.03	81.25	0.0	0.302	53.44	56.25	0.0	0.124	49.47	81.25	0.0	0.257	40.84	50.0	0.0	0.135	36.28	81.25	3.13	0.315	22.09	50.0	0.0	0.148	17.63	78.13	0.0	0.31	15.41	71.88	3.13	0.2	11.38	90.63	9.38	0.394	630.63	78.13	6.25	0.263	627.31	93.75	21.88	0.505
/award/award_nominee/award_nominations./award/award_nomination/award	1067	152.44	24.84	2.48	0.096	118.46	39.55	9.18	0.19	186.81	26.05	3.56	0.105	155.27	38.57	8.06	0.174	182.93	26.48	4.92	0.117	150.31	40.49	9.33	0.191	182.52	22.12	1.27	0.073	139.61	42.22	10.31	0.204	112.16	25.45	1.64	0.085	75.11	48.13	10.07	0.219	128.81	29.52	3.51	0.114	95.77	48.31	13.45	0.247	2207.6	25.49	2.16	0.089	2199.8	32.29	4.55	0.126
/award/award_nominee/award_nominations./award/award_nomination/award_nominee	214	34.8	28.97	0.0	0.08	24.01	75.93	0.0	0.217	32.64	38.32	0.0	0.1	23.0	76.64	0.0	0.24	32.56	38.55	0.0	0.098	22.45	78.04	0.23	0.246	137.39	16.59	0.0	0.059	124.61	68.46	1.4	0.182	36.37	24.07	0.0	0.072	23.82	77.8	0.0	0.216	33.49	30.84	0.47	0.089	22.59	79.44	5.61	0.285	259.27	37.38	0.0	0.095	254.44	50.47	2.8	0.169
/award/award_nominee/award_nominations./award/award_nomination/nominated_for	132	170.56	26.14	2.27	0.091	164.55	37.12	8.33	0.174	352.74	22.35	4.17	0.101	346.85	31.82	8.71	0.165	742.6	26.52	4.55	0.105	736.64	34.47	11.74	0.191	338.23	14.02	1.89	0.066	331.89	26.14	3.41	0.109	150.32	25.76	2.65	0.09	144.2	36.74	7.58	0.173	267.03	23.48	4.55	0.111	261.41	34.09	10.23	0.188	3497.05	23.11	1.14	0.073	3493.81	29.55	3.03	0.107
/award/award_winner/awards_won./award/award_honor/award_winner	41	34.62	21.95	0.0	0.079	28.49	63.41	0.0	0.178	121.67	42.68	0.0	0.103	116.56	70.73	0.0	0.228	220.3	41.46	0.0	0.101	214.84	67.07	0.0	0.213	149.72	23.17	1.22	0.078	143.21	54.88	3.66	0.156	42.28	28.05	0.0	0.081	35.91	69.51	0.0	0.197	33.99	41.46	0.0	0.093	28.17	71.95	2.44	0.226	1017.04	42.68	0.0	0.096	1013.27	67.07	4.88	0.204
/award/award_winning_work/awards_won./award/award_honor/award	118	99.82	23.73	2.54	0.084	87.63	33.05	5.08	0.142	217.46	26.27	2.97	0.106	207.16	31.36	6.78	0.149	154.1	27.12	4.66	0.11	142.92	33.9	6.36	0.145	93.43	13.14	0.42	0.05	78.37	28.39	2.97	0.104	62.7	19.49	0.85	0.067	48.29	41.95	5.08	0.15	66.19	30.08	1.69	0.1	54.79	44.49	9.32	0.208	2111.64	47.03	3.81	0.131	2109.92	51.69	4.66	0.159
/award/award_winning_work/awards_won./award/award_honor/award_winner	24	134.5	37.5	0.0	0.113	132.04	47.92	6.25	0.196	192.63	35.42	2.08	0.139	190.46	41.67	6.25	0.191	145.6	35.42	4.17	0.146	143.5	43.75	10.42	0.211	93.63	16.67	0.0	0.062	90.92	27.08	0.0	0.085	91.48	39.58	4.17	0.135	88.79	50.0	6.25	0.19	213.63	39.58	6.25	0.171	211.42	47.92	14.58	0.255	3561.96	52.08	10.42	0.197	3560.63	54.17	14.58	0.246
/award/award_winning_work/awards_won./award/award_honor/honored_for	10	16.05	15.0	0.0	0.088	6.6	90.0	0.0	0.274	18.65	25.0	0.0	0.078	9.65	90.0	0.0	0.268	16.25	30.0	0.0	0.096	8.25	90.0	0.0	0.303	33.2	0.0	0.0	0.053	21.25	90.0	5.0	0.271	20.8	0.0	0.0	0.056	9.25	90.0	0.0	0.236	16.7	10.0	0.0	0.071	7.1	90.0	0.0	0.301	10.95	40.0	0.0	0.124	3.1	95.0	25.0	0.518
/award/hall_of_fame/inductees./award/hall_of_fame_induction/inductee	27	484.56	50.0	37.04	0.43	460.26	51.85	38.89	0.448	658.96	38.89	12.96	0.196	637.67	42.59	12.96	0.203	1433.22	29.63	11.11	0.191	1405.57	29.63	11.11	0.192	369.81	50.0	42.59	0.448	342.22	57.41	46.3	0.496	629.41	48.15	44.44	0.458	604.0	55.56	46.3	0.498	194.76	48.15	44.44	0.455	171.06	53.7	46.3	0.487	773.85	48.08	42.31	0.446	757.23	51.92	44.23	0.469
/award/ranked_item/appears_in_ranked_lists./award/ranking/list	48	56.69	55.21	33.33	0.428	31.4	65.63	50.0	0.562	106.79	51.04	23.96	0.354	83.05	53.13	37.5	0.441	101.74	48.96	9.38	0.268	68.61	48.96	22.92	0.358	85.86	50.0	28.13	0.372	47.24	67.71	50.0	0.571	52.58	50.0	30.21	0.388	18.04	71.88	55.21	0.618	45.02	51.04	37.5	0.438	16.67	70.83	56.25	0.627	42.89	53.13	39.58	0.461	26.85	67.71	47.92	0.548
/base/aareas/schema/administrative_area/administrative_area_type	20	44.6	50.0	50.0	0.509	1.75	100.0	57.5	0.757	57.42	50.0	47.5	0.494	8.43	57.5	47.5	0.523	48.0	57.5	50.0	0.531	3.45	92.5	55.0	0.649	84.38	50.0	50.0	0.503	1.85	100.0	67.5	0.781	80.1	50.0	50.0	0.503	1.43	100.0	70.0	0.837	60.13	52.5	50.0	0.51	1.5	100.0	57.5	0.78	60.5	50.0	50.0	0.504	6.13	77.5	52.5	0.627
/base/aareas/schema/administrative_area/administrative_parent	25	117.56	50.0	20.0	0.334	65.62	80.0	34.0	0.509	94.6	46.0	12.0	0.276	52.36	80.0	12.0	0.343	84.96	44.0	12.0	0.267	37.4	86.0	20.0	0.411	143.38	42.0	42.0	0.427	73.42	82.0	66.0	0.71	114.48	42.0	38.0	0.408	50.28	84.0	38.0	0.509	69.9	50.0	42.0	0.438	17.52	92.0	70.0	0.741	1056.48	46.0	42.0	0.434	1003.56	70.0	42.0	0.479
/base/americancomedy/celebrity_impressionist/celebrities_impersonated	8	385.63	43.75	6.25	0.198	355.81	43.75	6.25	0.205	555.56	25.0	6.25	0.153	527.25	25.0	6.25	0.154	544.19	18.75	6.25	0.085	514.81	18.75	6.25	0.086	453.81	50.0	31.25	0.347	424.06	50.0	31.25	0.354	433.13	37.5	18.75	0.249	403.56	37.5	18.75	0.261	279.5	43.75	31.25	0.338	250.38	43.75	31.25	0.34	1309.56	43.75	25.0	0.329	1296.19	43.75	31.25	0.363
/base/biblioness/bibs_location/country	14	360.89	42.86	0.0	0.148	272.82	42.86	0.0	0.149	357.86	46.43	0.0	0.094	269.68	46.43	0.0	0.094	319.86	46.43	17.86	0.287	231.71	46.43	17.86	0.287	232.29	50.0	35.71	0.408	143.96	50.0	35.71	0.41	181.64	50.0	10.71	0.271	95.82	53.57	10.71	0.275	202.75	53.57	39.29	0.448	116.29	53.57	39.29	0.45	599.89	53.57	39.29	0.435	567.25	57.14	39.29	0.445
/base/biblioness/bibs_location/state	7	30.29	50.0	0.0	0.173	20.43	50.0	0.0	0.18	20.43	57.14	14.29	0.303	15.79	71.43	14.29	0.32	20.43	57.14	28.57	0.409	13.0	64.29	28.57	0.43	73.29	35.71	14.29	0.254	63.29	35.71	14.29	0.258	27.29	57.14	14.29	0.262	17.64	57.14	14.29	0.273	22.36	64.29	35.71	0.449	13.0	71.43	35.71	0.478	14.14	64.29	42.86	0.507	9.0	78.57	50.0	0.564
/base/culturalevent/event/entity_involved	20	1292.1	20.0	0.0	0.071	1289.25	25.0	0.0	0.109	2936.8	27.5	0.0	0.081	2934.38	30.0	2.5	0.117	3243.97	12.5	0.0	0.049	3241.35	17.5	2.5	0.078	477.3	40.0	5.0	0.144	474.48	47.5	12.5	0.25	2014.13	32.5	2.5	0.115	2011.45	40.0	10.0	0.202	275.55	40.0	5.0	0.14	273.15	45.0	12.5	0.217	5140.55	22.5	5.0	0.091	5139.13	22.5	10.0	0.127
/base/eating/practicer_of_diet/diet	11	594.36	50.0	18.18	0.319	564.64	50.0	22.73	0.35	708.27	50.0	18.18	0.301	677.73	50.0	27.27	0.347	1087.41	45.45	4.55	0.113	1056.73	45.45	4.55	0.117	977.27	50.0	22.73	0.366	941.27	54.55	31.82	0.417	533.09	50.0	27.27	0.388	499.36	50.0	36.36	0.435	690.77	50.0	22.73	0.368	659.32	54.55	31.82	0.416	232.05	50.0	22.73	0.366	215.77	50.0	31.82	0.412
/base/localfood/seasonal_month/produce_available./base/localfood/produce_availability/seasonal_months	3	7.83	66.67	0.0	0.153	3.0	100.0	0.0	0.361	7.67	83.33	0.0	0.148	2.5	100.0	16.67	0.5	8.0	83.33	0.0	0.131	2.5	100.0	16.67	0.5	11.5	0.0	0.0	0.087	2.83	100.0	0.0	0.375	11.33	16.67	0.0	0.089	2.83	100.0	16.67	0.444	7.67	83.33	0.0	0.145	1.83	100.0	50.0	0.694	6.33	100.0	0.0	0.188	2.0	100.0	33.33	0.611
/base/locations/continents/countries_within	5	21.0	60.0	30.0	0.424	10.5	70.0	40.0	0.525	54.1	50.0	40.0	0.431	38.8	50.0	40.0	0.434	31.7	50.0	20.0	0.31	16.0	50.0	20.0	0.328	22.7	50.0	50.0	0.514	7.5	80.0	50.0	0.569	16.7	50.0	50.0	0.516	2.7	90.0	80.0	0.827	25.4	50.0	50.0	0.512	9.7	80.0	50.0	0.553	22.6	50.0	50.0	0.512	7.4	90.0	50.0	0.625
/base/marchmadness/ncaa_basketball_tournament/seeds./base/marchmadness/ncaa_tournament_seed/team	41	18.87	12.2	0.0	0.073	4.3	95.12	23.17	0.426	13.89	40.24	4.88	0.165	4.68	91.46	19.51	0.397	14.54	34.15	6.1	0.157	4.74	92.68	21.95	0.396	20.01	2.44	0.0	0.054	4.29	92.68	18.29	0.414	18.67	6.1	0.0	0.059	3.95	96.34	20.73	0.44	14.5	29.27	2.44	0.115	4.16	93.9	21.95	0.445	11.38	48.78	0.0	0.124	3.61	96.34	30.49	0.501
/base/petbreeds/city_with_dogs/top_breeds./base/petbreeds/dog_city_relationship/dog_breed	21	22.21	52.38	0.0	0.134	3.43	90.48	69.05	0.769	15.71	59.52	2.38	0.217	1.67	100.0	64.29	0.783	18.93	52.38	2.38	0.176	3.98	100.0	47.62	0.562	24.52	50.0	0.0	0.118	1.74	97.62	71.43	0.825	23.24	50.0	0.0	0.124	1.4	100.0	71.43	0.842	18.36	50.0	2.38	0.158	1.31	100.0	73.81	0.863	17.02	50.0	0.0	0.177	1.86	100.0	54.76	0.722
/base/popstra/celebrity/canoodled./base/popstra/canoodled/participant	1	271.5	0.0	0.0	0.004	271.5	0.0	0.0	0.004	2287.5	0.0	0.0	0.0	2287.5	0.0	0.0	0.0	1317.0	0.0	0.0	0.001	1317.0	0.0	0.0	0.001	144.5	0.0	0.0	0.007	144.5	0.0	0.0	0.007	309.0	0.0	0.0	0.004	309.0	0.0	0.0	0.004	127.5	0.0	0.0	0.014	127.5	0.0	0.0	0.014	7654.5	0.0	0.0	0.0	7654.5	0.0	0.0	0.0
/base/popstra/celebrity/dated./base/popstra/dated/participant	11	824.41	0.0	0.0	0.003	822.36	0.0	0.0	0.003	679.41	0.0	0.0	0.013	677.36	0.0	0.0	0.013	1061.36	0.0	0.0	0.012	1059.32	0.0	0.0	0.013	693.27	0.0	0.0	0.007	691.23	0.0	0.0	0.007	389.41	0.0	0.0	0.013	387.36	0.0	0.0	0.014	313.36	13.64	0.0	0.044	311.41	13.64	0.0	0.06	6869.45	0.0	0.0	0.001	6868.18	0.0	0.0	0.001
/base/popstra/celebrity/friendship./base/popstra/friendship/participant	32	506.66	9.38	0.0	0.029	503.64	10.94	0.0	0.034	1296.44	12.5	0.0	0.039	1293.58	12.5	0.0	0.04	1894.94	6.25	0.0	0.022	1891.81	6.25	0.0	0.028	1134.63	3.13	1.56	0.034	1131.44	3.13	1.56	0.035	376.98	14.06	0.0	0.037	373.84	23.44	0.0	0.045	428.3	10.94	0.0	0.043	425.5	10.94	0.0	0.05	6127.97	6.25	1.56	0.031	6126.67	7.81	1.56	0.041
/base/popstra/location/vacationers./base/popstra/vacation_choice/vacationer	31	547.69	19.35	1.61	0.067	540.52	20.97	4.84	0.098	495.06	16.13	0.0	0.042	488.08	19.35	0.0	0.045	785.55	9.68	0.0	0.027	778.06	11.29	0.0	0.033	312.13	12.9	3.23	0.066	304.73	16.13	3.23	0.075	154.5	27.42	0.0	0.068	147.53	30.65	1.61	0.099	348.82	27.42	6.45	0.136	343.27	30.65	6.45	0.144	3696.5	25.81	1.61	0.091	3693.63	25.81	3.23	0.111
/base/saturdaynightlive/snl_cast_member/seasons./base/saturdaynightlive/snl_season_tenure/cast_members	3	11.67	0.0	0.0	0.086	3.5	100.0	0.0	0.319	5.0	100.0	0.0	0.211	2.67	100.0	0.0	0.422	9.67	33.33	0.0	0.125	4.0	100.0	0.0	0.274	10.83	33.33	0.0	0.093	2.83	100.0	0.0	0.375	11.17	33.33	0.0	0.09	3.0	100.0	0.0	0.361	9.5	66.67	0.0	0.107	2.0	100.0	33.33	0.611	9.83	83.33	0.0	0.102	2.83	100.0	0.0	0.375
/base/schemastaging/organization_extra/phone_number./base/schemastaging/phone_sandbox/contact_category	20	45.13	57.5	27.5	0.386	20.48	72.5	50.0	0.592	54.6	50.0	0.0	0.196	30.68	65.0	0.0	0.234	61.85	47.5	20.0	0.301	36.98	60.0	25.0	0.375	362.73	45.0	17.5	0.31	323.7	52.5	40.0	0.462	53.3	50.0	22.5	0.364	18.23	67.5	47.5	0.575	52.58	50.0	35.0	0.419	22.52	67.5	52.5	0.592	36.63	52.5	27.5	0.4	18.23	70.0	57.5	0.609
/base/schemastaging/organization_extra/phone_number./base/schemastaging/phone_sandbox/service_language	21	39.45	50.0	19.05	0.325	7.88	78.57	45.24	0.578	42.6	42.86	19.05	0.297	15.57	59.52	23.81	0.355	57.74	42.86	26.19	0.335	29.26	57.14	33.33	0.412	46.19	52.38	26.19	0.347	5.79	88.1	54.76	0.648	36.45	52.38	21.43	0.323	4.24	85.71	61.9	0.705	36.64	54.76	28.57	0.37	3.88	85.71	54.76	0.664	565.83	54.76	33.33	0.403	546.31	90.48	73.81	0.79
/base/schemastaging/organization_extra/phone_number./base/schemastaging/phone_sandbox/service_location	38	37.2	35.53	7.89	0.185	19.66	59.21	13.16	0.27	73.32	38.16	1.32	0.133	57.46	44.74	5.26	0.191	76.41	27.63	1.32	0.098	58.63	36.84	5.26	0.143	95.43	43.42	11.84	0.215	77.17	59.21	25.0	0.377	31.61	47.37	13.16	0.242	15.07	68.42	32.89	0.456	32.37	51.32	18.42	0.277	17.12	69.74	27.63	0.413	3176.13	31.58	9.21	0.168	3166.24	39.47	22.37	0.281
/base/schemastaging/person_extra/net_worth./measurement_unit/dated_money_value/currency	60	450.02	50.83	44.17	0.474	310.9	55.0	45.0	0.491	1090.58	50.0	15.83	0.327	888.95	50.0	15.83	0.327	738.1	50.83	0.0	0.187	587.68	50.83	0.0	0.187	575.14	50.0	49.17	0.496	327.5	55.0	49.17	0.513	422.31	50.0	47.5	0.49	260.18	53.33	47.5	0.498	427.2	50.0	49.17	0.498	250.33	53.33	49.17	0.514	357.79	50.0	49.17	0.497	247.97	50.0	49.17	0.499
/base/x2010fifaworldcupsouthafrica/world_cup_squad/current_world_cup_squad./base/x2010fifaworldcupsouthafrica/current_world_cup_squad/current_club	29	103.52	20.69	0.0	0.064	98.29	27.59	1.72	0.1	98.38	10.34	0.0	0.051	94.84	12.07	0.0	0.054	146.1	17.24	0.0	0.046	141.28	20.69	0.0	0.054	137.03	22.41	1.72	0.092	131.86	31.03	6.9	0.144	80.98	22.41	3.45	0.109	76.0	36.21	8.62	0.172	81.14	37.93	3.45	0.114	77.16	41.38	3.45	0.144	4949.4	27.59	1.72	0.09	4947.67	27.59	5.17	0.11
/baseball/baseball_team/team_stats./baseball/baseball_team_stats/season	27	15.69	48.15	0.0	0.102	2.11	98.15	66.67	0.785	10.15	66.67	11.11	0.26	1.54	100.0	70.37	0.82	10.07	66.67	9.26	0.25	1.61	100.0	77.78	0.847	17.3	40.74	0.0	0.089	1.76	96.3	83.33	0.889	16.83	35.19	0.0	0.09	1.85	98.15	85.19	0.896	11.5	59.26	5.56	0.189	1.91	98.15	81.48	0.874	213.85	51.85	0.0	0.149	203.91	96.3	75.93	0.843
/broadcast/content/artist	14	92.46	50.0	25.0	0.359	72.39	53.57	35.71	0.435	122.46	46.43	14.29	0.278	101.89	46.43	17.86	0.303	100.68	50.0	25.0	0.326	82.57	53.57	28.57	0.35	119.64	50.0	32.14	0.394	96.46	60.71	46.43	0.524	88.68	50.0	32.14	0.401	67.57	67.86	50.0	0.556	71.57	57.14	32.14	0.412	55.5	71.43	53.57	0.603	65.29	60.71	50.0	0.525	53.93	71.43	60.71	0.66
/business/business_operation/industry	41	185.09	39.02	3.66	0.168	168.54	52.44	13.41	0.261	969.94	26.83	1.22	0.095	955.8	26.83	2.44	0.109	1057.39	26.83	9.76	0.167	1042.95	29.27	14.63	0.203	140.48	43.9	9.76	0.23	123.43	53.66	29.27	0.384	424.44	43.9	8.54	0.221	408.72	54.88	28.05	0.368	93.74	50.0	13.41	0.276	79.38	63.41	23.17	0.374	1661.9	61.25	21.25	0.307	1659.28	65.0	25.0	0.371
/business/business_operation/revenue./measurement_unit/dated_money_value/currency	1	54.5	50.0	50.0	0.505	8.5	50.0	50.0	0.531	98.5	50.0	50.0	0.503	42.0	50.0	50.0	0.506	108.5	50.0	50.0	0.502	49.5	50.0	50.0	0.505	137.0	50.0	50.0	0.502	30.5	50.0	50.0	0.508	113.0	50.0	50.0	0.502	12.0	50.0	50.0	0.522	123.5	50.0	50.0	0.502	21.5	50.0	50.0	0.512	29.0	50.0	50.0	0.509	1.0	100.0	100.0	1.0
/business/job_title/people_with_this_title./business/employment_tenure/company	85	201.04	40.59	3.53	0.127	176.62	52.35	11.76	0.243	956.94	25.88	1.18	0.087	936.01	31.76	6.47	0.147	1138.37	30.59	1.18	0.088	1119.38	35.29	7.65	0.167	360.09	35.29	1.76	0.108	332.37	47.06	14.12	0.259	194.44	42.94	2.35	0.133	169.45	57.65	17.06	0.311	113.58	47.06	4.71	0.175	91.53	57.06	18.24	0.317	1731.32	45.83	4.17	0.156	1723.15	57.14	14.29	0.285
/celebrities/celebrity/celebrity_friends./celebrities/friendship/friend	1	20.0	50.0	0.0	0.078	17.5	50.0	0.0	0.081	24.5	50.0	0.0	0.111	22.0	50.0	0.0	0.113	25.0	50.0	0.0	0.063	22.5	50.0	0.0	0.064	43.5	50.0	0.0	0.106	41.0	50.0	0.0	0.106	26.5	50.0	0.0	0.094	24.0	50.0	0.0	0.095	16.5	50.0	0.0	0.183	14.0	50.0	0.0	0.187	7663.0	0.0	0.0	0.0	7661.5	0.0	0.0	0.0
/common/topic/webpage./common/webpage/category	402	2845.83	50.0	50.0	0.5	1663.17	50.0	50.0	0.501	3401.98	50.0	50.0	0.5	2349.54	50.0	50.0	0.5	3578.59	50.0	50.0	0.5	2498.18	50.0	50.0	0.5	3233.65	50.0	50.0	0.5	1244.77	50.62	50.12	0.503	2728.73	50.0	50.0	0.5	1315.81	50.5	50.0	0.502	2699.54	50.0	50.0	0.5	843.36	51.99	50.25	0.51	978.06	46.45	46.45	0.465	645.39	47.97	47.08	0.477
/dataworld/gardening_hint/split_to	10	2806.25	70.0	50.0	0.579	2806.2	70.0	50.0	0.588	1177.15	60.0	45.0	0.492	1177.15	60.0	45.0	0.492	2923.7	50.0	35.0	0.418	2923.65	50.0	35.0	0.426	4024.7	0.0	0.0	0.003	4024.35	0.0	0.0	0.003	2364.65	70.0	50.0	0.592	2364.6	70.0	50.0	0.6	1439.6	55.0	35.0	0.4	1439.55	55.0	35.0	0.408	4307.2	20.0	10.0	0.129	4307.2	20.0	10.0	0.129
/education/educational_degree/people_with_this_degree./education/education/institution	287	127.47	42.33	4.7	0.15	52.4	59.58	22.13	0.352	135.22	41.81	8.54	0.19	68.06	51.92	23.87	0.329	137.4	42.86	9.41	0.199	69.23	53.14	25.44	0.345	182.88	34.49	1.57	0.097	67.63	56.97	21.43	0.329	135.31	40.94	2.09	0.114	39.05	65.16	33.97	0.443	123.21	43.21	5.57	0.162	41.97	60.8	24.56	0.371	262.16	44.43	2.26	0.129	232.72	61.5	26.31	0.387
/education/educational_degree/people_with_this_degree./education/education/major_field_of_study	63	24.15	48.41	6.35	0.185	8.53	82.54	34.13	0.496	28.29	45.24	4.76	0.158	14.13	72.22	17.46	0.347	26.62	42.86	4.76	0.152	11.66	68.25	19.05	0.335	36.6	41.27	0.0	0.09	12.48	78.57	31.75	0.466	27.98	46.03	1.59	0.112	6.6	84.13	44.44	0.579	21.12	51.59	5.56	0.177	5.42	85.71	42.86	0.572	23.32	49.21	2.38	0.136	6.84	84.92	25.4	0.427
/education/educational_degree/people_with_this_degree./education/education/student	27	256.78	44.44	11.11	0.199	228.2	44.44	12.96	0.222	423.81	33.33	3.7	0.13	395.17	35.19	5.56	0.141	297.11	38.89	14.81	0.227	267.41	38.89	16.67	0.24	335.43	46.3	22.22	0.302	302.44	48.15	27.78	0.352	209.22	50.0	20.37	0.296	177.74	55.56	27.78	0.371	233.89	53.7	22.22	0.315	205.59	53.7	24.07	0.343	87.65	53.7	22.22	0.322	78.35	55.56	24.07	0.348
/education/educational_institution/campuses	13	1.0	100.0	100.0	1.0	1.0	100.0	100.0	1.0	2.31	100.0	53.85	0.701	2.31	100.0	53.85	0.701	1.58	100.0	76.92	0.858	1.58	100.0	76.92	0.858	19.19	61.54	23.08	0.374	19.19	61.54	23.08	0.374	1.0	100.0	100.0	1.0	1.0	100.0	100.0	1.0	1.38	100.0	69.23	0.833	1.38	100.0	69.23	0.833	1.04	100.0	96.15	0.981	1.04	100.0	96.15	0.981
/education/educational_institution/colors	90	174.14	41.67	3.89	0.151	139.08	44.44	10.0	0.209	215.14	37.22	6.67	0.16	183.83	38.89	8.33	0.185	277.81	30.56	5.0	0.131	240.83	30.56	8.33	0.163	210.51	38.33	1.11	0.122	164.45	45.0	11.11	0.209	166.23	43.89	0.56	0.128	122.39	46.11	10.56	0.216	167.94	36.67	5.0	0.155	127.38	40.0	10.0	0.202	2108.13	38.89	2.22	0.142	2096.15	42.78	12.78	0.233
/education/educational_institution/school_type	80	125.22	49.38	17.5	0.293	79.2	51.88	25.0	0.35	198.28	42.5	8.13	0.181	153.48	43.75	10.0	0.194	144.94	45.63	10.0	0.222	91.09	47.5	11.88	0.245	140.56	47.5	16.25	0.282	66.34	56.88	28.13	0.373	122.26	49.38	17.5	0.3	52.71	58.13	31.25	0.407	112.3	50.0	20.63	0.325	45.18	57.5	31.88	0.415	1176.31	43.13	14.37	0.248	1157.21	50.0	19.38	0.309
/education/educational_institution/students_graduates./education/education/major_field_of_study	321	104.39	20.87	1.25	0.073	73.86	38.79	9.97	0.198	165.14	20.87	2.34	0.087	140.09	29.91	5.45	0.138	166.74	16.82	1.4	0.068	138.47	27.73	3.74	0.117	154.85	12.31	0.31	0.044	115.09	37.23	7.94	0.168	96.48	14.17	0.47	0.054	59.83	43.61	14.33	0.233	97.94	23.36	2.34	0.094	73.36	42.52	12.15	0.215	1215.51	23.52	0.62	0.079	1204.51	52.65	12.46	0.25
/education/educational_institution/students_graduates./education/education/student	311	527.63	15.59	0.96	0.059	515.77	16.88	3.22	0.08	1595.25	7.07	1.45	0.036	1583.79	7.88	1.93	0.042	1049.48	6.43	1.13	0.035	1038.2	7.23	2.09	0.044	834.23	13.02	1.45	0.053	822.22	14.79	3.22	0.072	478.4	19.94	2.57	0.083	467.27	22.03	6.59	0.115	490.94	19.29	4.5	0.098	481.41	20.42	4.98	0.107	7088.61	1.29	0.48	0.008	7085.42	1.29	0.96	0.012
/education/educational_institution_campus/educational_institution	13	1.0	100.0	100.0	1.0	1.0	100.0	100.0	1.0	3.08	100.0	38.46	0.579	3.08	100.0	38.46	0.579	1.62	100.0	69.23	0.821	1.62	100.0	69.23	0.821	10.0	57.69	23.08	0.364	10.0	57.69	23.08	0.364	1.0	100.0	100.0	1.0	1.0	100.0	100.0	1.0	1.42	100.0	65.38	0.814	1.42	100.0	65.38	0.814	1.12	100.0	88.46	0.942	1.12	100.0	88.46	0.942
/education/field_of_study/students_majoring./education/education/major_field_of_study	11	17.36	50.0	0.0	0.15	13.18	54.55	0.0	0.219	18.41	40.91	9.09	0.213	15.32	59.09	9.09	0.242	35.18	31.82	0.0	0.079	29.95	36.36	0.0	0.098	29.45	9.09	0.0	0.066	21.09	31.82	0.0	0.111	20.55	27.27	0.0	0.075	12.59	54.55	0.0	0.164	16.23	40.91	4.55	0.167	11.09	63.64	4.55	0.231	863.5	45.45	0.0	0.124	857.41	59.09	13.64	0.313
/education/field_of_study/students_majoring./education/education/student	34	223.59	26.47	0.0	0.092	218.29	29.41	2.94	0.115	848.16	11.76	2.94	0.067	843.46	13.24	2.94	0.071	380.22	14.71	0.0	0.042	375.28	14.71	0.0	0.051	809.38	26.47	1.47	0.102	804.12	27.94	5.88	0.141	176.78	32.35	7.35	0.16	171.81	36.76	13.24	0.206	235.76	25.0	4.41	0.137	231.99	30.88	8.82	0.169	4547.75	22.06	4.41	0.101	4546.63	22.06	7.35	0.123
/education/university/domestic_tuition./measurement_unit/dated_money_value/currency	5	198.4	50.0	30.0	0.386	107.7	50.0	30.0	0.392	216.7	50.0	30.0	0.376	137.4	50.0	30.0	0.379	125.6	50.0	50.0	0.504	59.1	50.0	50.0	0.513	247.3	50.0	30.0	0.386	131.9	50.0	30.0	0.389	159.0	50.0	50.0	0.503	44.2	50.0	50.0	0.508	151.5	50.0	50.0	0.503	37.0	50.0	50.0	0.509	79.8	50.0	30.0	0.406	51.5	50.0	30.0	0.412
/education/university/fraternities_and_sororities	21	47.62	52.38	30.95	0.415	26.64	54.76	38.1	0.466	64.83	52.38	19.05	0.351	47.19	52.38	23.81	0.384	61.67	57.14	21.43	0.363	44.26	59.52	26.19	0.406	74.21	50.0	26.19	0.382	40.62	54.76	42.86	0.483	56.26	50.0	28.57	0.395	25.02	69.05	45.24	0.528	53.43	50.0	38.1	0.446	30.45	61.9	45.24	0.523	67.79	50.0	26.19	0.383	45.88	59.52	42.86	0.491
/education/university/local_tuition./measurement_unit/dated_money_value/currency	1	235.0	50.0	50.0	0.501	84.0	50.0	50.0	0.503	197.5	50.0	50.0	0.501	71.5	50.0	50.0	0.504	135.0	50.0	50.0	0.502	40.5	50.0	50.0	0.506	636.0	50.0	50.0	0.5	485.0	50.0	50.0	0.501	294.0	50.0	50.0	0.501	143.0	50.0	50.0	0.502	259.5	50.0	50.0	0.501	108.5	50.0	50.0	0.502	167.0	50.0	50.0	0.502	128.0	50.0	50.0	0.502
/film/actor/dubbing_performances./film/dubbing_performance/language	12	739.08	50.0	8.33	0.256	682.25	54.17	8.33	0.261	733.92	45.83	16.67	0.296	677.29	45.83	16.67	0.296	734.13	50.0	20.83	0.309	672.67	50.0	20.83	0.309	584.25	50.0	50.0	0.502	524.0	54.17	54.17	0.546	422.25	50.0	50.0	0.502	366.33	58.33	50.0	0.516	340.67	50.0	50.0	0.503	288.88	58.33	54.17	0.553	200.46	50.0	50.0	0.504	172.29	58.33	50.0	0.52
/film/actor/film./film/performance/film	836	501.09	5.98	0.18	0.024	493.58	11.78	2.57	0.059	1207.03	6.04	0.3	0.025	1199.75	8.37	1.44	0.043	1534.35	5.92	0.48	0.025	1526.96	10.05	2.21	0.049	816.73	5.02	0.12	0.02	809.19	10.05	2.09	0.051	408.95	6.76	0.42	0.029	401.72	13.7	3.35	0.071	477.99	9.57	0.72	0.037	471.9	12.32	3.35	0.067	6386.25	10.83	3.53	0.059	6382.49	11.12	5.86	0.077
/film/actor/film./film/performance/special_performance_type	16	595.38	56.25	18.75	0.346	554.16	59.38	21.88	0.384	1306.69	40.63	3.13	0.153	1255.19	40.63	3.13	0.153	1210.25	3.13	0.0	0.034	1154.97	3.13	3.13	0.05	481.31	50.0	43.75	0.471	425.97	53.13	50.0	0.52	507.28	50.0	43.75	0.459	456.88	56.25	46.88	0.494	402.38	50.0	43.75	0.466	352.91	53.13	50.0	0.512	192.94	53.13	46.88	0.485	171.72	53.13	50.0	0.52
/film/director/film	19	274.5	23.68	2.63	0.093	271.08	31.58	2.63	0.115	1099.53	26.32	2.63	0.094	1096.29	26.32	2.63	0.119	889.76	21.05	2.63	0.083	886.55	23.68	2.63	0.115	627.21	31.58	5.26	0.13	623.74	39.47	5.26	0.137	189.21	31.58	2.63	0.111	185.71	34.21	2.63	0.135	255.0	28.95	7.89	0.159	251.95	34.21	10.53	0.191	5622.21	34.21	23.68	0.261	5620.71	36.84	23.68	0.293
/film/film/cinematography	17	221.5	35.29	8.82	0.176	216.76	41.18	8.82	0.191	551.44	26.47	2.94	0.098	546.85	29.41	2.94	0.101	790.94	11.76	0.0	0.038	786.18	11.76	0.0	0.038	282.74	41.18	17.65	0.248	277.94	41.18	17.65	0.262	117.44	38.24	0.0	0.12	112.71	44.12	0.0	0.142	127.06	47.06	17.65	0.262	123.03	47.06	20.59	0.295	4450.41	23.53	14.71	0.18	4448.65	29.41	17.65	0.202
/film/film/costume_design_by	13	157.5	42.31	15.38	0.247	151.58	42.31	19.23	0.282	117.5	34.62	0.0	0.113	111.31	38.46	0.0	0.115	147.0	23.08	11.54	0.163	141.19	26.92	11.54	0.169	164.38	38.46	15.38	0.252	158.04	46.15	15.38	0.258	51.42	46.15	15.38	0.239	45.27	57.69	15.38	0.255	76.88	46.15	23.08	0.301	71.54	53.85	23.08	0.313	2220.15	42.31	30.77	0.346	2215.73	53.85	30.77	0.364
/film/film/country	131	442.77	43.51	20.99	0.284	206.84	43.51	28.24	0.339	503.28	43.13	17.94	0.275	277.74	44.27	27.48	0.338	528.5	44.27	18.7	0.271	265.69	45.8	26.34	0.323	531.63	43.13	17.18	0.262	224.95	46.56	29.01	0.352	346.07	46.56	23.66	0.318	112.3	52.29	34.35	0.409	372.13	46.56	20.61	0.302	106.49	51.15	34.35	0.405	1257.79	43.13	19.47	0.279	1217.81	46.18	25.57	0.331
/film/film/distributors./film/film_film_distributor_relationship/film_distribution_medium	38	176.61	50.0	17.11	0.299	144.61	51.32	28.95	0.381	269.49	50.0	11.84	0.233	236.11	50.0	15.79	0.273	301.3	47.37	6.58	0.182	265.59	47.37	9.21	0.212	91.68	51.32	18.42	0.3	46.59	78.95	39.47	0.532	90.61	51.32	18.42	0.308	49.49	68.42	40.79	0.523	80.76	51.32	25.0	0.347	41.59	72.37	39.47	0.504	102.11	48.68	27.63	0.375	84.22	77.63	38.16	0.531
/film/film/distributors./film/film_film_distributor_relationship/region	10	310.05	50.0	50.0	0.502	251.55	50.0	50.0	0.502	502.7	45.0	0.0	0.133	434.25	45.0	0.0	0.133	530.75	50.0	10.0	0.196	463.15	50.0	10.0	0.196	81.0	50.0	50.0	0.503	16.4	60.0	55.0	0.571	114.05	50.0	50.0	0.503	52.65	50.0	50.0	0.513	70.45	50.0	50.0	0.504	13.9	80.0	55.0	0.602	30.65	50.0	50.0	0.509	3.8	100.0	55.0	0.616
/film/film/dubbing_performances./film/dubbing_performance/actor	8	46.81	43.75	0.0	0.133	42.5	62.5	25.0	0.36	284.44	37.5	12.5	0.189	281.63	50.0	18.75	0.244	525.88	50.0	6.25	0.184	522.38	62.5	12.5	0.261	20.31	56.25	12.5	0.239	15.94	62.5	31.25	0.432	28.0	56.25	6.25	0.196	23.63	62.5	37.5	0.464	18.38	50.0	18.75	0.277	15.44	68.75	25.0	0.375	2806.0	43.75	6.25	0.202	2803.63	43.75	25.0	0.341
/film/film/edited_by	13	176.77	34.62	7.69	0.169	171.12	42.31	7.69	0.19	364.85	23.08	7.69	0.123	359.81	26.92	7.69	0.129	541.04	7.69	0.0	0.038	534.85	11.54	0.0	0.042	279.12	38.46	11.54	0.204	273.04	46.15	11.54	0.215	246.38	46.15	3.85	0.124	240.62	50.0	3.85	0.159	124.19	46.15	7.69	0.203	119.35	50.0	7.69	0.22	1165.73	42.31	19.23	0.244	1161.81	50.0	19.23	0.269
/film/film/estimated_budget./measurement_unit/dated_money_value/currency	151	426.02	50.33	47.35	0.486	68.06	52.98	47.35	0.495	504.49	49.34	16.89	0.326	128.03	49.34	16.89	0.329	495.67	50.0	48.34	0.489	128.7	50.66	48.34	0.492	526.62	50.33	48.34	0.493	57.85	55.63	49.67	0.522	492.51	50.33	47.68	0.49	40.18	62.58	51.66	0.552	518.08	50.0	48.34	0.491	40.13	57.95	50.0	0.536	666.21	48.34	48.34	0.485	372.24	52.32	49.01	0.504
/film/film/executive_produced_by	73	187.28	28.08	1.37	0.098	178.99	39.04	6.85	0.163	326.42	17.81	2.74	0.072	318.55	20.55	2.74	0.084	601.94	19.18	0.68	0.077	594.32	28.08	3.42	0.109	406.31	35.62	2.74	0.147	397.34	53.42	12.33	0.243	139.13	32.88	2.05	0.121	130.97	50.68	6.16	0.203	144.95	36.99	10.27	0.209	137.56	50.68	21.92	0.299	2793.62	50.0	22.6	0.329	2791.07	60.96	29.45	0.398
/film/film/featured_film_locations	100	459.81	23.0	6.5	0.122	436.02	24.5	8.0	0.138	869.03	8.0	0.5	0.03	844.38	8.5	0.5	0.031	1232.66	8.0	0.0	0.024	1207.62	9.0	0.0	0.028	686.67	21.0	8.0	0.124	662.35	22.5	8.5	0.135	287.56	28.0	9.0	0.159	265.02	31.5	12.5	0.185	338.38	30.0	11.0	0.172	315.46	30.5	11.5	0.181	4691.6	20.5	7.5	0.125	4685.84	21.0	9.0	0.139
/film/film/film_art_direction_by	3	8.17	50.0	50.0	0.534	3.17	100.0	50.0	0.61	18.83	50.0	0.0	0.128	13.83	50.0	0.0	0.135	15.0	50.0	0.0	0.22	10.0	50.0	0.0	0.232	7.5	50.0	50.0	0.536	2.5	100.0	50.0	0.631	8.17	50.0	33.33	0.423	3.67	100.0	33.33	0.478	10.0	50.0	50.0	0.527	5.5	83.33	50.0	0.557	9.17	50.0	50.0	0.529	4.5	100.0	50.0	0.563
/film/film/film_festivals	18	138.14	44.44	11.11	0.216	130.86	47.22	11.11	0.235	760.03	19.44	2.78	0.085	752.97	19.44	2.78	0.09	478.28	16.67	8.33	0.123	470.67	16.67	11.11	0.137	102.86	44.44	16.67	0.283	95.03	52.78	25.0	0.34	151.83	44.44	22.22	0.304	144.19	55.56	27.78	0.361	106.28	50.0	22.22	0.327	99.97	52.78	30.56	0.399	546.97	52.78	22.22	0.318	543.78	52.78	22.22	0.333
/film/film/film_format	39	281.09	51.28	35.9	0.424	227.26	51.28	37.18	0.437	399.17	50.0	26.92	0.367	351.47	50.0	26.92	0.369	363.68	51.28	16.67	0.31	314.42	51.28	16.67	0.312	290.44	50.0	32.05	0.401	215.79	53.85	33.33	0.418	239.55	51.28	41.03	0.457	172.95	58.97	42.31	0.483	236.72	50.0	34.62	0.422	176.96	52.56	35.9	0.436	350.97	53.85	34.62	0.426	318.35	61.54	41.03	0.48
/film/film/film_production_design_by	10	140.8	45.0	15.0	0.25	136.8	50.0	15.0	0.279	641.6	20.0	5.0	0.105	638.05	20.0	5.0	0.107	278.9	15.0	0.0	0.079	275.05	25.0	0.0	0.084	152.0	50.0	15.0	0.263	147.9	55.0	20.0	0.315	126.7	45.0	5.0	0.177	122.55	50.0	10.0	0.225	140.35	50.0	20.0	0.297	136.65	55.0	25.0	0.341	2909.1	50.0	20.0	0.281	2906.3	50.0	30.0	0.359
/film/film/genre	722	301.58	33.8	5.82	0.141	179.29	41.41	15.1	0.236	274.72	31.79	6.58	0.144	148.6	39.54	13.16	0.216	297.83	31.02	6.09	0.135	166.97	38.85	12.47	0.209	363.95	35.94	1.18	0.092	186.09	45.64	19.46	0.287	261.57	36.15	1.73	0.104	120.85	49.45	19.11	0.292	259.57	37.4	4.02	0.138	121.27	49.86	20.5	0.306	2295.14	34.7	6.58	0.147	2269.74	39.82	14.61	0.228
/film/film/language	314	428.11	45.86	21.5	0.299	114.26	61.78	26.43	0.382	493.14	44.59	29.46	0.342	138.06	48.25	32.96	0.384	578.51	43.63	28.34	0.334	181.11	47.29	32.17	0.377	626.94	43.95	27.39	0.323	169.83	60.83	37.9	0.449	478.56	45.86	23.25	0.306	92.05	69.75	37.58	0.492	480.32	45.54	29.62	0.352	84.42	75.0	44.27	0.547	1412.32	42.04	29.94	0.345	1217.45	49.84	35.35	0.413
/film/film/music	92	217.15	24.46	3.8	0.104	210.92	27.72	4.89	0.126	641.02	11.96	2.72	0.06	634.82	11.96	2.72	0.061	926.39	16.3	1.63	0.06	920.42	16.3	2.17	0.066	358.62	22.28	4.89	0.101	352.35	25.54	5.98	0.118	191.33	25.54	1.63	0.093	185.33	30.43	5.43	0.134	261.01	30.98	5.43	0.138	255.97	34.24	7.07	0.155	6574.81	10.33	5.43	0.072	6572.12	10.33	5.43	0.072
/film/film/other_crew./film/film_crew_gig/crewmember	26	279.37	23.08	3.85	0.102	272.19	25.0	5.77	0.12	457.33	17.31	1.92	0.054	450.23	19.23	1.92	0.056	332.19	21.15	7.69	0.122	325.58	26.92	9.62	0.137	432.77	32.69	3.85	0.128	425.04	34.62	5.77	0.151	174.42	28.85	3.85	0.097	167.08	34.62	3.85	0.114	161.77	38.46	5.77	0.143	155.65	42.31	7.69	0.161	4007.15	23.08	5.77	0.099	4004.23	25.0	7.69	0.113
/film/film/other_crew./film/film_crew_gig/film_crew_role	606	317.29	43.65	5.86	0.163	142.34	50.66	21.7	0.326	294.56	42.74	6.85	0.178	123.27	47.85	25.5	0.339	279.04	43.56	7.18	0.175	104.57	49.92	24.59	0.337	418.1	40.26	0.74	0.092	129.1	52.56	25.17	0.347	314.42	42.24	1.49	0.109	85.12	55.12	26.24	0.371	267.35	45.21	7.01	0.18	75.62	56.68	29.79	0.399	808.09	45.3	7.34	0.184	776.93	51.98	29.29	0.375
/film/film/personal_appearances./film/personal_film_appearance/person	11	646.14	27.27	9.09	0.144	643.68	36.36	13.64	0.207	1025.68	22.73	13.64	0.179	1023.77	22.73	13.64	0.188	1081.45	22.73	9.09	0.141	1079.45	27.27	9.09	0.162	1279.27	22.73	13.64	0.16	1276.59	31.82	13.64	0.191	275.59	31.82	13.64	0.171	273.18	31.82	18.18	0.253	352.68	27.27	13.64	0.179	350.73	31.82	22.73	0.259	5190.86	27.27	13.64	0.18	5189.59	36.36	18.18	0.223
/film/film/prequel	18	14.56	75.0	0.0	0.255	14.39	75.0	0.0	0.26	11.69	69.44	0.0	0.235	11.56	72.22	0.0	0.237	7.83	77.78	0.0	0.273	7.67	77.78	0.0	0.28	51.75	50.0	2.78	0.149	51.58	50.0	2.78	0.158	5.42	88.89	0.0	0.295	5.28	88.89	0.0	0.307	12.0	75.0	0.0	0.28	11.86	75.0	0.0	0.293	6385.94	19.44	8.33	0.129	6385.78	19.44	8.33	0.134
/film/film/produced_by	60	221.99	28.33	3.33	0.115	217.68	35.83	7.5	0.162	810.38	25.83	4.17	0.117	806.51	33.33	5.83	0.144	790.8	30.83	2.5	0.114	786.77	35.83	5.83	0.158	262.41	26.67	3.33	0.113	257.98	35.83	7.5	0.163	189.03	38.33	4.17	0.147	184.65	50.83	10.0	0.233	194.76	37.5	5.83	0.172	191.27	41.67	15.0	0.25	3730.76	47.5	16.67	0.276	3729.49	47.5	23.33	0.326
/film/film/production_companies	84	146.9	28.57	2.38	0.108	131.75	42.26	9.52	0.196	166.92	33.33	4.17	0.129	153.98	36.31	4.76	0.15	309.91	31.55	1.19	0.117	294.65	36.31	4.76	0.153	154.93	36.31	1.79	0.142	137.08	52.38	12.5	0.272	91.61	38.1	5.36	0.173	74.51	57.74	22.02	0.342	103.75	44.05	2.98	0.169	88.95	55.36	17.26	0.299	2652.88	52.38	10.12	0.229	2649.74	56.55	20.83	0.321
/film/film/release_date_s./film/film_regional_release_date/film_regional_debut_venue	20	110.3	47.5	12.5	0.245	98.83	47.5	17.5	0.292	224.68	17.5	0.0	0.062	211.9	17.5	2.5	0.078	443.6	30.0	10.0	0.16	431.75	32.5	10.0	0.175	143.5	40.0	10.0	0.207	128.72	45.0	20.0	0.292	81.7	52.5	15.0	0.258	67.38	57.5	25.0	0.353	104.05	50.0	17.5	0.278	93.25	52.5	25.0	0.342	1866.1	35.0	12.5	0.2	1858.38	37.5	15.0	0.221
/film/film/release_date_s./film/film_regional_release_date/film_release_distribution_medium	158	463.88	50.0	44.94	0.472	70.1	50.63	46.52	0.488	486.92	50.32	39.56	0.445	80.9	50.95	40.19	0.455	501.48	50.95	44.62	0.468	90.92	51.9	45.89	0.488	739.84	50.0	47.15	0.483	65.75	50.95	48.42	0.501	609.14	50.0	43.35	0.463	56.31	50.95	46.52	0.491	613.49	50.0	47.15	0.485	55.99	51.9	49.37	0.509	396.23	50.0	47.15	0.486	104.04	52.53	49.05	0.506
/film/film/release_date_s./film/film_regional_release_date/film_release_region	1447	128.7	11.71	1.62	0.057	28.41	56.25	18.66	0.306	118.52	14.24	1.0	0.06	26.13	59.88	16.86	0.307	116.17	13.44	1.94	0.065	26.45	60.44	17.76	0.314	170.38	2.14	0.86	0.029	31.65	56.57	14.13	0.278	149.61	2.42	0.76	0.028	23.28	63.72	16.55	0.316	116.87	11.33	1.21	0.053	23.23	65.31	22.74	0.369	485.48	20.28	1.07	0.077	467.34	59.71	17.73	0.313
/film/film/runtime./film/film_cut/film_release_region	9	473.33	38.89	0.0	0.124	469.22	38.89	5.56	0.162	426.89	11.11	0.0	0.049	422.78	16.67	0.0	0.05	1359.28	16.67	5.56	0.086	1355.33	16.67	5.56	0.088	677.06	27.78	0.0	0.096	672.94	27.78	0.0	0.11	334.56	27.78	0.0	0.109	330.67	27.78	0.0	0.12	371.39	44.44	0.0	0.088	367.72	44.44	0.0	0.097	832.5	33.33	0.0	0.084	830.28	33.33	0.0	0.093
/film/film/story_by	31	217.32	38.71	9.68	0.183	215.32	41.94	25.81	0.323	813.87	32.26	3.23	0.108	812.02	33.87	9.68	0.185	871.48	32.26	4.84	0.116	869.45	35.48	8.06	0.173	383.19	38.71	8.06	0.167	380.65	43.55	20.97	0.289	180.0	38.71	8.06	0.167	177.66	45.16	20.97	0.297	308.06	50.0	14.52	0.255	306.53	51.61	32.26	0.389	4685.73	43.55	17.74	0.261	4684.61	45.16	30.65	0.366
/film/film/written_by	26	295.58	15.38	0.0	0.048	294.23	17.31	0.0	0.052	885.77	9.62	0.0	0.041	884.46	13.46	0.0	0.045	996.5	15.38	0.0	0.047	995.15	15.38	1.92	0.06	595.02	19.23	1.92	0.078	593.62	21.15	1.92	0.086	269.98	26.92	1.92	0.084	268.77	26.92	3.85	0.101	203.4	21.15	1.92	0.087	202.25	21.15	5.77	0.111	5983.44	7.69	0.0	0.029	5982.73	7.69	0.0	0.029
/film/film_distributor/films_distributed./film/film_film_distributor_relationship/film	160	302.22	33.75	5.31	0.145	257.5	38.44	10.0	0.187	316.36	30.94	5.94	0.141	277.28	32.81	8.13	0.165	400.08	28.13	8.44	0.151	356.78	29.69	10.94	0.173	353.23	35.0	4.06	0.137	297.81	44.38	14.38	0.236	244.52	38.13	3.44	0.138	194.58	47.19	10.0	0.218	249.02	39.06	6.25	0.162	201.46	44.69	14.06	0.234	2844.07	35.0	10.0	0.171	2834.11	40.0	13.13	0.217
/film/film_set_designer/film_sets_designed	8	112.19	31.25	6.25	0.151	108.0	37.5	6.25	0.177	459.94	18.75	0.0	0.068	455.94	31.25	0.0	0.085	1364.94	25.0	0.0	0.071	1360.63	25.0	0.0	0.074	60.69	50.0	6.25	0.143	56.44	56.25	6.25	0.173	62.13	43.75	6.25	0.129	58.0	50.0	6.25	0.147	126.31	31.25	6.25	0.13	122.38	37.5	6.25	0.141	22.25	56.25	12.5	0.255	19.25	68.75	12.5	0.285
/film/film_subject/films	77	468.31	25.32	3.25	0.105	460.23	27.92	5.84	0.133	1422.86	12.99	1.3	0.046	1414.92	12.99	1.3	0.051	1253.74	6.49	1.3	0.033	1246.06	7.14	1.3	0.036	816.46	28.57	6.49	0.136	808.14	30.52	9.09	0.163	660.37	33.77	9.74	0.169	652.61	37.01	14.29	0.214	494.09	33.12	8.44	0.159	487.98	35.06	9.74	0.173	4605.61	32.89	13.82	0.192	4603.97	33.55	13.82	0.197
/film/person_or_entity_appearing_in_film/films./film/personal_film_appearance/type_of_appearance	3	317.83	66.67	16.67	0.358	303.17	66.67	16.67	0.39	631.0	16.67	0.0	0.045	611.0	16.67	0.0	0.045	333.33	33.33	16.67	0.239	314.0	33.33	16.67	0.239	142.5	50.0	50.0	0.505	123.17	66.67	50.0	0.529	231.5	50.0	50.0	0.506	212.33	66.67	50.0	0.585	267.17	66.67	50.0	0.518	255.67	66.67	50.0	0.536	61.33	50.0	50.0	0.508	51.33	50.0	50.0	0.513
/film/special_film_performance_type/film_performance_type./film/performance/film	11	206.18	54.55	45.45	0.489	191.91	63.64	54.55	0.576	348.09	45.45	4.55	0.207	330.91	45.45	4.55	0.208	816.59	0.0	0.0	0.014	799.55	0.0	0.0	0.014	418.09	50.0	36.36	0.437	401.18	59.09	40.91	0.498	163.91	50.0	27.27	0.393	147.95	63.64	27.27	0.458	202.36	50.0	31.82	0.418	189.59	63.64	31.82	0.466	98.18	50.0	27.27	0.388	89.18	59.09	31.82	0.451
/food/food/nutrients./food/nutrition_fact/nutrient	105	33.18	7.14	0.0	0.046	1.64	99.52	72.86	0.832	22.52	29.52	2.38	0.112	2.57	98.1	61.43	0.727	22.36	30.48	2.38	0.116	2.47	98.57	60.48	0.722	35.36	4.76	0.0	0.042	1.75	100.0	72.86	0.82	33.9	2.86	0.0	0.042	1.96	100.0	70.0	0.795	23.5	22.38	1.9	0.094	1.85	99.05	74.29	0.834	9.22	57.14	5.24	0.221	1.8	100.0	68.1	0.796
/government/government_office_category/officeholders./government/government_position_held/jurisdiction_of_office	91	130.87	48.35	13.74	0.263	96.82	61.54	30.22	0.408	260.81	39.01	14.29	0.234	228.36	42.31	23.08	0.313	188.84	42.31	8.79	0.206	155.84	48.9	22.53	0.311	147.54	45.6	9.89	0.239	104.62	65.38	40.66	0.495	113.86	48.9	10.99	0.256	76.71	71.43	38.46	0.504	208.3	51.65	17.58	0.308	174.41	74.18	47.25	0.563	891.72	47.25	14.84	0.278	872.45	62.64	39.01	0.475
/government/governmental_body/members./government/government_position_held/legislative_sessions	12	16.0	58.33	25.0	0.401	1.0	100.0	100.0	1.0	16.04	62.5	25.0	0.406	2.58	100.0	50.0	0.622	16.63	62.5	25.0	0.402	1.13	100.0	87.5	0.938	23.5	54.17	8.33	0.299	1.08	100.0	91.67	0.958	22.33	54.17	12.5	0.324	1.0	100.0	100.0	1.0	19.96	54.17	29.17	0.418	1.0	100.0	100.0	1.0	16.5	54.17	20.83	0.372	1.21	100.0	79.17	0.896
/government/legislative_session/members./government/government_position_held/district_represented	117	24.41	20.51	1.71	0.078	2.63	95.3	67.09	0.761	18.08	34.62	5.13	0.146	2.65	96.15	51.71	0.659	18.53	30.34	2.99	0.124	3.38	96.15	54.27	0.637	28.51	8.12	0.0	0.047	1.86	98.29	72.22	0.819	26.44	9.4	0.0	0.051	1.67	98.72	82.91	0.889	19.85	23.5	0.0	0.086	1.32	99.57	87.18	0.916	17.06	33.33	2.14	0.119	1.83	99.57	70.94	0.805
/government/legislative_session/members./government/government_position_held/legislative_sessions	13	11.5	53.85	0.0	0.144	3.46	100.0	0.0	0.361	12.42	38.46	3.85	0.156	4.65	92.31	19.23	0.405	12.19	46.15	7.69	0.215	5.08	84.62	11.54	0.351	19.12	7.69	0.0	0.065	4.77	100.0	3.85	0.276	18.27	7.69	0.0	0.067	4.12	100.0	7.69	0.322	14.38	30.77	0.0	0.098	3.35	100.0	15.38	0.424	12.38	38.46	0.0	0.147	4.38	100.0	15.38	0.363
/government/political_party/politicians_in_this_party./government/political_party_tenure/politician	11	176.41	40.91	13.64	0.227	164.55	45.45	13.64	0.238	555.59	27.27	4.55	0.143	545.32	27.27	4.55	0.152	2105.5	0.0	0.0	0.006	2092.73	0.0	0.0	0.006	580.45	45.45	27.27	0.359	567.77	63.64	27.27	0.396	292.73	45.45	36.36	0.411	281.0	54.55	36.36	0.453	188.41	45.45	40.91	0.427	177.82	54.55	40.91	0.45	1523.18	40.91	27.27	0.355	1517.36	59.09	31.82	0.434
/government/politician/government_positions_held./government/government_position_held/basic_title	16	20.34	50.0	3.13	0.206	10.09	78.13	28.13	0.431	79.06	40.63	6.25	0.157	71.13	40.63	6.25	0.176	309.53	37.5	9.38	0.171	300.59	37.5	9.38	0.191	25.09	50.0	9.38	0.233	13.44	71.88	37.5	0.455	16.78	46.88	6.25	0.242	6.5	81.25	43.75	0.566	16.84	43.75	18.75	0.312	8.19	78.13	43.75	0.549	10.19	65.63	18.75	0.344	3.56	96.88	37.5	0.533
/government/politician/government_positions_held./government/government_position_held/jurisdiction_of_office	9	507.67	22.22	5.56	0.117	501.33	38.89	11.11	0.173	1586.89	16.67	0.0	0.075	1580.5	16.67	0.0	0.076	353.17	16.67	5.56	0.097	347.78	16.67	5.56	0.099	319.28	27.78	11.11	0.157	312.78	38.89	11.11	0.188	241.72	27.78	5.56	0.132	236.06	44.44	11.11	0.213	34.94	38.89	11.11	0.201	29.44	55.56	16.67	0.265	1742.17	33.33	11.11	0.171	1737.78	38.89	11.11	0.18
/government/politician/government_positions_held./government/government_position_held/legislative_sessions	30	11.68	48.33	3.33	0.17	3.48	93.33	51.67	0.668	10.57	56.67	8.33	0.222	4.7	85.0	45.0	0.591	17.85	28.33	1.67	0.111	11.17	73.33	16.67	0.304	12.93	41.67	0.0	0.13	2.23	96.67	70.0	0.806	11.7	51.67	0.0	0.148	1.6	98.33	81.67	0.881	9.57	66.67	1.67	0.179	2.37	98.33	65.0	0.766	8.43	71.67	15.0	0.296	1.82	100.0	65.0	0.776
/ice_hockey/hockey_team/current_roster./sports/sports_team_roster/position	4	21.63	50.0	0.0	0.18	3.75	100.0	50.0	0.61	33.38	50.0	12.5	0.3	20.0	50.0	50.0	0.513	24.5	50.0	12.5	0.303	9.5	50.0	50.0	0.528	24.38	50.0	0.0	0.178	4.63	100.0	37.5	0.505	24.0	50.0	0.0	0.167	4.38	100.0	37.5	0.486	23.13	50.0	0.0	0.199	4.5	100.0	37.5	0.503	9.75	62.5	12.5	0.303	3.63	100.0	50.0	0.594
/influence/influence_node/influenced_by	235	98.92	15.74	0.0	0.056	91.15	29.79	0.0	0.097	236.7	15.11	0.21	0.057	230.07	20.43	0.21	0.069	461.55	25.53	2.55	0.097	455.16	31.28	4.04	0.129	151.68	13.19	0.43	0.05	142.84	28.3	3.83	0.116	54.36	20.43	0.21	0.068	45.96	40.85	0.21	0.138	59.03	30.64	3.83	0.119	52.83	41.28	7.45	0.179	4598.99	36.17	4.89	0.133	4597.38	36.17	5.96	0.147
/influence/influence_node/peers./influence/peer_relationship/peers	2	56.0	0.0	0.0	0.038	55.25	0.0	0.0	0.039	76.5	0.0	0.0	0.017	75.75	0.0	0.0	0.017	551.25	0.0	0.0	0.003	550.5	0.0	0.0	0.003	327.0	0.0	0.0	0.01	326.25	0.0	0.0	0.01	19.75	50.0	0.0	0.093	19.0	50.0	0.0	0.093	71.25	0.0	0.0	0.015	70.5	0.0	0.0	0.015	7188.25	0.0	0.0	0.0	7187.75	0.0	0.0	0.0
/language/human_language/countries_spoken_in	25	50.18	32.0	4.0	0.119	43.78	38.0	8.0	0.162	49.7	26.0	4.0	0.125	44.44	32.0	6.0	0.153	52.62	26.0	2.0	0.098	46.36	32.0	4.0	0.125	44.6	48.0	8.0	0.189	36.42	62.0	16.0	0.301	35.24	44.0	10.0	0.201	27.58	52.0	24.0	0.335	31.82	46.0	12.0	0.239	25.08	60.0	22.0	0.338	3040.22	46.0	8.0	0.205	3035.76	50.0	12.0	0.27
/location/administrative_division/country	3	121.33	66.67	33.33	0.432	94.83	66.67	33.33	0.432	88.0	33.33	0.0	0.106	61.5	33.33	0.0	0.107	112.67	33.33	0.0	0.176	86.17	33.33	0.0	0.176	298.0	33.33	16.67	0.253	271.83	33.33	16.67	0.255	117.0	66.67	16.67	0.293	90.67	66.67	16.67	0.294	106.33	50.0	33.33	0.36	80.17	50.0	33.33	0.361	1863.33	33.33	33.33	0.338	1853.17	33.33	33.33	0.343
/location/country/capital	11	370.82	18.18	0.0	0.063	369.59	18.18	0.0	0.07	1744.68	4.55	0.0	0.02	1743.41	4.55	0.0	0.022	1082.14	4.55	0.0	0.017	1080.86	4.55	0.0	0.018	760.77	18.18	0.0	0.059	759.45	18.18	0.0	0.064	686.09	27.27	0.0	0.078	684.86	36.36	0.0	0.094	149.77	36.36	13.64	0.241	148.82	36.36	22.73	0.289	6019.41	13.64	4.55	0.082	6018.36	13.64	9.09	0.117
/location/country/form_of_government	43	86.62	53.49	15.12	0.302	65.52	59.3	36.05	0.44	128.87	50.0	5.81	0.206	108.36	50.0	15.12	0.291	68.19	52.33	3.49	0.169	49.41	52.33	5.81	0.208	62.33	50.0	4.65	0.218	28.48	59.3	33.72	0.435	60.85	50.0	5.81	0.228	30.73	66.28	38.37	0.499	94.02	50.0	15.12	0.295	70.43	66.28	41.86	0.506	381.99	47.67	10.47	0.249	361.62	61.63	34.88	0.458
/location/country/official_language	16	106.41	37.5	3.13	0.18	93.41	37.5	12.5	0.239	391.06	34.38	15.63	0.238	383.22	37.5	18.75	0.264	127.47	31.25	0.0	0.075	114.47	31.25	0.0	0.1	54.25	46.88	15.63	0.259	40.5	56.25	18.75	0.305	64.44	50.0	15.63	0.261	51.38	50.0	28.13	0.354	43.75	56.25	21.88	0.317	31.5	56.25	28.13	0.374	1864.25	37.5	15.63	0.235	1855.38	43.75	21.88	0.296
/location/country/second_level_divisions	46	310.74	48.91	3.26	0.256	134.21	50.0	3.26	0.26	485.08	48.91	21.74	0.34	312.96	48.91	21.74	0.34	407.29	48.91	33.7	0.407	238.64	48.91	33.7	0.408	241.83	48.91	47.83	0.485	64.29	52.17	47.83	0.501	229.7	48.91	41.3	0.451	64.07	50.0	41.3	0.465	178.36	48.91	47.83	0.486	12.8	83.7	48.91	0.565	251.33	48.91	48.91	0.495	218.41	59.78	53.26	0.578
/location/hud_county_place/county	7	25.29	50.0	14.29	0.233	24.36	50.0	14.29	0.244	155.57	21.43	7.14	0.135	154.71	28.57	7.14	0.138	88.64	35.71	7.14	0.16	87.71	42.86	7.14	0.163	50.5	50.0	7.14	0.183	49.57	50.0	7.14	0.199	47.36	28.57	0.0	0.134	46.43	35.71	0.0	0.138	26.36	35.71	14.29	0.203	25.43	35.71	14.29	0.211	6086.64	14.29	7.14	0.084	6085.86	14.29	7.14	0.107
/location/hud_county_place/place	48	1.0	100.0	100.0	1.0	1.0	100.0	100.0	1.0	43.52	85.42	47.92	0.597	43.52	85.42	47.92	0.597	29.56	85.42	50.0	0.637	29.56	85.42	50.0	0.637	189.86	37.5	2.08	0.109	189.86	37.5	2.08	0.109	1.0	100.0	100.0	1.0	1.0	100.0	100.0	1.0	6.84	87.5	58.33	0.666	6.84	87.5	58.33	0.666	792.15	87.5	70.83	0.788	792.15	87.5	70.83	0.788
/location/hud_foreclosure_area/estimated_number_of_mortgages./measurement_unit/dated_integer/source	84	324.71	50.0	47.02	0.487	63.15	56.55	47.02	0.516	515.33	50.0	41.67	0.458	231.98	50.0	41.67	0.459	539.52	48.81	46.43	0.472	256.15	49.4	46.43	0.476	472.85	50.0	50.0	0.501	37.63	57.74	51.19	0.533	492.9	50.0	50.0	0.501	101.7	57.14	50.0	0.525	427.82	50.0	50.0	0.501	16.0	64.88	51.19	0.556	42.85	50.0	50.0	0.507	8.58	87.5	52.98	0.641
/location/location/adjoin_s./location/adjoining_relationship/adjoins	55	18.61	64.55	0.0	0.144	16.2	68.18	0.0	0.214	15.11	53.64	2.73	0.178	12.95	60.91	4.55	0.228	58.17	66.36	2.73	0.182	56.04	77.27	5.45	0.249	138.3	36.36	0.91	0.099	135.55	49.09	0.91	0.136	21.14	53.64	0.0	0.115	18.43	63.64	0.0	0.177	7.81	78.18	1.82	0.205	5.4	89.09	8.18	0.33	1166.1	84.55	3.64	0.298	1164.82	85.45	35.45	0.542
/location/location/contains	330	480.13	35.0	0.45	0.105	371.11	41.52	0.76	0.162	502.53	29.09	3.94	0.115	396.49	37.27	6.21	0.154	493.27	31.36	5.76	0.148	387.18	39.55	12.58	0.218	331.2	41.21	2.88	0.161	222.3	49.24	22.73	0.318	388.94	42.42	4.85	0.167	287.07	51.82	19.09	0.303	232.31	45.91	8.33	0.224	127.59	58.18	30.76	0.399	1928.96	43.29	9.15	0.217	1910.69	54.42	29.42	0.379
/location/location/partially_contains	13	109.15	42.31	3.85	0.189	106.42	61.54	11.54	0.289	1163.35	26.92	3.85	0.138	1161.23	34.62	3.85	0.154	31.31	73.08	15.38	0.313	30.04	73.08	15.38	0.335	26.19	61.54	7.69	0.228	23.35	65.38	23.08	0.387	21.92	69.23	15.38	0.322	19.08	76.92	50.0	0.594	14.81	76.92	15.38	0.313	12.35	88.46	26.92	0.446	1182.54	61.54	15.38	0.298	1180.38	73.08	19.23	0.362
/location/location/time_zones	137	248.78	53.28	36.5	0.432	132.3	58.39	39.78	0.475	1057.59	43.43	3.28	0.181	918.23	43.43	4.01	0.185	396.46	46.72	22.99	0.332	289.53	46.72	22.99	0.334	259.47	49.64	39.05	0.436	107.73	57.3	41.24	0.475	336.28	50.0	41.61	0.452	200.84	63.14	43.8	0.507	193.14	50.0	45.26	0.472	51.27	69.71	49.64	0.566	134.49	50.36	41.61	0.452	109.52	63.5	44.53	0.511
/location/statistical_region/gdp_nominal./measurement_unit/dated_money_value/currency	4	124.25	50.0	50.0	0.502	22.75	50.0	50.0	0.512	162.0	50.0	37.5	0.418	54.5	50.0	37.5	0.421	190.13	50.0	50.0	0.501	80.25	50.0	50.0	0.504	118.5	50.0	50.0	0.502	10.13	50.0	50.0	0.53	128.13	50.0	50.0	0.502	19.75	50.0	50.0	0.513	130.0	50.0	50.0	0.502	21.38	50.0	50.0	0.512	83.38	50.0	50.0	0.503	15.0	62.5	50.0	0.543
/location/statistical_region/gdp_nominal_per_capita./measurement_unit/dated_money_value/currency	3	79.33	50.0	16.67	0.28	24.5	50.0	16.67	0.286	56.0	50.0	33.33	0.39	19.17	50.0	33.33	0.41	95.17	50.0	33.33	0.376	38.33	50.0	33.33	0.384	74.83	66.67	33.33	0.442	17.17	66.67	50.0	0.531	76.33	66.67	50.0	0.557	18.83	66.67	50.0	0.59	73.33	66.67	33.33	0.418	17.0	66.67	33.33	0.452	77.0	66.67	50.0	0.585	34.0	66.67	66.67	0.67
/location/statistical_region/places_exported_to./location/imports_and_exports/exported_to	13	103.92	3.85	0.0	0.025	99.46	11.54	0.0	0.034	63.0	15.38	0.0	0.049	58.81	15.38	0.0	0.058	77.31	15.38	3.85	0.091	73.42	26.92	3.85	0.1	120.65	30.77	3.85	0.112	116.15	46.15	7.69	0.182	35.46	34.62	0.0	0.07	31.0	53.85	0.0	0.11	43.19	46.15	11.54	0.21	39.69	61.54	15.38	0.291	2924.69	23.08	0.0	0.067	2920.85	34.62	0.0	0.1
/location/statistical_region/religions./location/religion_percentage/religion	60	84.03	32.5	1.67	0.103	66.91	76.67	30.83	0.456	73.95	43.33	2.5	0.13	59.5	76.67	27.5	0.44	420.35	40.0	3.33	0.132	405.16	76.67	34.17	0.488	57.31	16.67	0.83	0.069	34.09	76.67	32.5	0.492	43.32	21.67	0.0	0.077	22.96	78.33	39.17	0.532	54.73	43.33	3.33	0.123	39.19	82.5	50.0	0.608	813.96	37.5	2.5	0.122	800.27	78.33	37.5	0.501
/location/statistical_region/rent50_2./measurement_unit/dated_money_value/currency	46	215.15	51.09	43.48	0.472	85.74	59.78	44.57	0.511	344.79	50.0	14.13	0.294	169.62	50.0	14.13	0.295	656.8	50.0	11.96	0.284	461.25	50.0	11.96	0.285	270.63	50.0	50.0	0.501	62.08	50.0	50.0	0.511	225.8	50.0	50.0	0.501	34.68	61.96	50.0	0.525	212.17	50.0	50.0	0.501	17.86	59.78	50.0	0.541	45.25	50.0	50.0	0.507	16.26	58.7	52.17	0.569
/location/us_county/county_seat	2	1.0	100.0	100.0	1.0	1.0	100.0	100.0	1.0	1.0	100.0	100.0	1.0	1.0	100.0	100.0	1.0	1.0	100.0	100.0	1.0	1.0	100.0	100.0	1.0	1555.0	0.0	0.0	0.018	1555.0	0.0	0.0	0.018	1.0	100.0	100.0	1.0	1.0	100.0	100.0	1.0	1.75	100.0	50.0	0.708	1.75	100.0	50.0	0.708	3.5	100.0	0.0	0.313	3.5	100.0	0.0	0.313
/media_common/netflix_genre/titles	124	215.84	40.73	16.53	0.243	159.69	48.39	22.58	0.312	227.65	35.48	9.68	0.184	170.47	37.1	11.69	0.211	301.33	40.32	11.69	0.201	242.21	41.94	14.11	0.233	283.67	42.34	11.69	0.209	200.86	49.6	20.56	0.302	171.69	41.53	9.27	0.2	102.51	52.82	20.56	0.324	150.7	44.76	17.74	0.27	83.25	54.84	29.03	0.38	1954.31	43.95	18.15	0.272	1944.54	47.58	25.81	0.333
/medicine/disease/notable_people_with_this_condition	15	1112.77	26.67	3.33	0.126	1106.57	26.67	6.67	0.154	1571.2	16.67	3.33	0.07	1565.0	16.67	6.67	0.087	1113.1	3.33	3.33	0.042	1106.37	3.33	3.33	0.043	863.2	36.67	13.33	0.207	856.43	36.67	16.67	0.224	441.3	40.0	16.67	0.265	434.77	50.0	30.0	0.378	396.7	50.0	16.67	0.283	391.6	50.0	16.67	0.289	1656.13	43.33	13.33	0.23	1652.7	43.33	23.33	0.298
/medicine/disease/risk_factors	13	357.31	42.31	3.85	0.147	350.38	50.0	7.69	0.216	36.96	11.54	0.0	0.052	32.46	23.08	0.0	0.064	3357.65	38.46	3.85	0.14	3350.77	53.85	7.69	0.178	92.12	46.15	0.0	0.106	84.31	53.85	0.0	0.204	23.38	38.46	0.0	0.128	15.92	53.85	11.54	0.269	18.58	46.15	3.85	0.202	13.46	53.85	26.92	0.37	1356.73	38.46	11.54	0.223	1352.77	53.85	19.23	0.303
/medicine/symptom/symptom_of	31	19.27	43.55	0.0	0.105	9.58	72.58	20.97	0.358	18.82	38.71	1.61	0.124	11.89	59.68	6.45	0.211	40.11	51.61	0.0	0.132	33.68	69.35	6.45	0.242	43.11	46.77	0.0	0.112	33.34	72.58	20.97	0.383	20.9	45.16	0.0	0.101	11.97	72.58	14.52	0.319	13.1	62.9	4.84	0.201	7.18	75.81	20.97	0.405	242.97	64.52	3.23	0.206	238.56	85.48	19.35	0.413
/military/military_combatant/military_conflicts./military/military_combatant_group/combatants	17	40.12	2.94	0.0	0.043	27.62	23.53	0.0	0.066	25.41	20.59	5.88	0.129	15.44	38.24	8.82	0.189	39.53	14.71	0.0	0.083	26.03	38.24	0.0	0.126	25.94	0.0	0.0	0.041	7.06	85.29	0.0	0.193	27.21	2.94	0.0	0.047	9.03	79.41	0.0	0.213	19.09	17.65	0.0	0.068	5.0	94.12	8.82	0.326	26.38	8.82	0.0	0.055	11.12	79.41	5.88	0.271
/military/military_conflict/combatants./military/military_combatant_group/combatants	34	93.87	35.29	4.41	0.136	86.79	52.94	16.18	0.278	443.38	33.82	1.47	0.12	437.07	48.53	4.41	0.178	452.81	41.18	7.35	0.175	446.9	58.82	16.18	0.274	210.82	32.35	0.0	0.107	202.32	64.71	13.24	0.289	234.15	32.35	0.0	0.108	225.99	66.18	19.12	0.331	58.43	39.71	7.35	0.173	51.69	70.59	23.53	0.362	1248.82	41.18	4.41	0.162	1243.94	51.47	25.0	0.335
/music/artist/contribution./music/recording_contribution/performance_role	14	109.57	21.43	3.57	0.104	100.68	28.57	3.57	0.118	137.82	21.43	3.57	0.102	129.25	21.43	3.57	0.118	1260.25	14.29	3.57	0.065	1251.04	14.29	3.57	0.068	262.18	42.86	7.14	0.173	251.57	42.86	17.86	0.274	130.43	32.14	3.57	0.131	120.11	35.71	3.57	0.149	91.79	46.43	10.71	0.23	84.43	50.0	17.86	0.294	1722.39	50.0	7.14	0.177	1715.64	50.0	10.71	0.236
/music/artist/origin	34	543.75	20.59	0.0	0.064	537.46	20.59	0.0	0.072	1896.31	4.41	0.0	0.014	1890.03	4.41	0.0	0.014	1464.79	2.94	0.0	0.009	1458.51	2.94	0.0	0.009	817.93	22.06	0.0	0.066	811.63	25.0	1.47	0.081	341.94	29.41	2.94	0.125	335.81	32.35	5.88	0.154	554.38	23.53	7.35	0.121	548.29	23.53	7.35	0.129	5069.88	19.12	7.35	0.117	5068.26	19.12	10.29	0.135
/music/artist/track_contributions./music/track_contribution/role	152	92.29	24.01	1.97	0.089	69.29	35.2	7.24	0.159	95.14	24.67	2.63	0.099	74.05	32.57	7.57	0.155	175.05	20.39	2.3	0.085	151.33	30.92	4.93	0.126	129.12	18.75	1.32	0.063	94.62	35.86	6.25	0.154	101.39	18.42	0.66	0.06	69.99	35.2	5.92	0.151	83.22	29.61	2.63	0.105	58.91	43.75	10.86	0.208	1754.84	29.93	3.62	0.12	1746.45	39.14	11.84	0.205
/music/genre/artists	664	119.67	26.36	2.94	0.099	75.7	45.03	16.57	0.26	184.38	27.41	4.44	0.116	144.69	39.98	11.9	0.214	215.47	27.11	3.77	0.112	173.2	41.11	13.03	0.221	154.21	20.33	0.68	0.062	97.74	43.9	16.11	0.256	105.88	25.83	0.68	0.072	58.36	52.11	21.39	0.318	101.12	33.36	4.82	0.129	60.8	51.13	20.63	0.308	2535.41	37.58	6.17	0.147	2529.1	45.71	11.14	0.21
/music/genre/parent_genre	97	123.86	38.14	0.0	0.11	115.74	49.48	0.0	0.167	75.78	32.99	5.15	0.155	69.48	41.24	5.15	0.176	184.7	37.11	4.64	0.144	177.84	40.72	5.67	0.178	87.56	33.51	1.55	0.109	78.32	47.94	10.82	0.232	45.44	36.08	0.0	0.098	36.75	52.06	1.03	0.179	33.31	44.33	7.73	0.179	25.98	56.19	14.43	0.271	4121.9	43.3	8.76	0.204	4119.43	45.36	11.86	0.245
/music/group_member/membership./music/group_membership/group	22	31.7	54.55	6.82	0.235	29.25	56.82	15.91	0.319	30.11	52.27	4.55	0.204	27.95	54.55	6.82	0.231	60.66	56.82	20.45	0.312	58.36	56.82	25.0	0.343	41.45	50.0	11.36	0.23	39.16	56.82	20.45	0.303	21.66	68.18	4.55	0.283	19.25	75.0	9.09	0.369	27.95	59.09	20.45	0.318	26.05	59.09	29.55	0.392	3638.02	45.45	20.45	0.29	3636.95	47.73	22.73	0.311
/music/group_member/membership./music/group_membership/role	29	117.02	34.48	10.34	0.166	100.83	41.38	12.07	0.204	163.55	32.76	5.17	0.131	148.26	36.21	6.9	0.158	103.97	31.03	1.72	0.117	87.97	36.21	6.9	0.17	129.98	31.03	0.0	0.1	107.14	39.66	5.17	0.167	95.41	31.03	1.72	0.114	75.02	50.0	8.62	0.225	91.19	39.66	5.17	0.169	74.17	51.72	17.24	0.277	1385.34	36.21	5.17	0.164	1377.38	44.83	10.34	0.221
/music/instrument/family	6	19.42	58.33	0.0	0.116	16.17	58.33	0.0	0.159	81.42	0.0	0.0	0.016	78.17	0.0	0.0	0.017	57.67	8.33	0.0	0.028	54.83	8.33	0.0	0.03	27.33	41.67	0.0	0.096	23.83	41.67	0.0	0.109	28.5	33.33	0.0	0.094	25.17	33.33	8.33	0.191	36.5	33.33	0.0	0.096	33.67	33.33	0.0	0.099	15.33	58.33	8.33	0.226	12.5	58.33	8.33	0.236
/music/instrument/instrumentalists	153	152.65	32.03	2.94	0.114	108.05	41.18	7.84	0.182	160.2	30.72	4.9	0.137	116.85	35.62	10.78	0.197	194.29	26.8	5.56	0.125	150.37	34.31	8.82	0.172	183.03	30.39	2.61	0.1	117.42	39.87	10.46	0.2	141.39	30.07	1.63	0.099	85.03	42.81	12.42	0.223	126.94	37.25	7.84	0.158	78.19	45.1	14.05	0.247	2090.16	30.72	8.82	0.155	2070.19	37.91	15.03	0.224
/music/performance_role/guest_performances./music/recording_contribution/performance_role	2	26.25	0.0	0.0	0.042	22.25	0.0	0.0	0.052	35.5	0.0	0.0	0.028	31.5	0.0	0.0	0.032	66.5	0.0	0.0	0.016	62.25	0.0	0.0	0.018	20.5	0.0	0.0	0.051	16.25	0.0	0.0	0.064	57.25	0.0	0.0	0.018	53.0	0.0	0.0	0.019	27.25	0.0	0.0	0.037	23.0	0.0	0.0	0.046	28.25	0.0	0.0	0.041	24.5	0.0	0.0	0.049
/music/performance_role/regular_performances./music/group_membership/group	167	48.26	38.62	2.69	0.129	16.26	67.66	24.85	0.388	52.16	41.32	2.4	0.135	23.63	63.47	24.55	0.363	54.6	40.42	2.99	0.128	24.48	66.17	23.05	0.361	67.03	32.34	0.3	0.07	18.87	66.47	26.05	0.402	58.3	30.84	0.9	0.074	13.76	69.76	26.35	0.415	47.21	42.51	3.29	0.134	13.96	70.06	29.04	0.434	392.55	45.51	3.89	0.151	376.44	68.56	18.86	0.367
/music/performance_role/regular_performances./music/group_membership/role	40	50.26	8.75	0.0	0.039	24.29	22.5	0.0	0.09	50.77	12.5	0.0	0.061	27.93	35.0	3.75	0.128	53.56	10.0	0.0	0.033	27.43	16.25	0.0	0.07	60.6	0.0	0.0	0.023	27.18	20.0	0.0	0.08	56.75	0.0	0.0	0.024	23.61	28.75	2.5	0.11	45.17	8.75	0.0	0.046	19.07	42.5	3.75	0.148	46.02	2.5	0.0	0.034	22.63	27.5	1.25	0.094
/music/performance_role/track_performances./music/track_contribution/role	53	42.07	3.77	0.0	0.037	15.33	48.11	0.0	0.118	40.07	19.81	2.83	0.086	15.53	49.06	10.38	0.215	39.66	13.21	0.0	0.066	14.98	45.28	4.72	0.171	65.77	0.94	0.0	0.02	22.35	23.58	2.83	0.098	61.69	0.0	0.0	0.02	18.75	32.08	0.94	0.099	41.92	14.15	0.94	0.063	13.89	48.11	7.55	0.205	46.07	1.89	0.94	0.038	20.6	22.64	3.77	0.107
/music/record_label/artist	266	264.75	20.49	1.88	0.08	241.81	26.5	5.08	0.122	449.29	19.36	3.57	0.085	425.98	21.99	4.51	0.1	502.87	15.98	1.5	0.065	478.26	17.48	2.44	0.08	360.17	20.11	0.38	0.062	331.73	28.76	6.2	0.134	236.69	24.25	1.13	0.077	210.48	35.53	8.08	0.163	203.04	25.0	4.7	0.111	182.67	29.32	7.14	0.142	3760.36	30.38	8.3	0.153	3755.42	31.13	10.19	0.172
/olympics/olympic_games/medals_awarded./olympics/olympic_medal_honor/medal	16	18.81	53.13	6.25	0.252	1.0	100.0	100.0	1.0	16.44	53.13	21.88	0.355	1.0	100.0	100.0	1.0	15.94	56.25	12.5	0.311	1.0	100.0	100.0	1.0	20.94	50.0	0.0	0.211	1.0	100.0	100.0	1.0	19.19	50.0	0.0	0.228	1.0	100.0	100.0	1.0	17.84	50.0	12.5	0.302	1.0	100.0	100.0	1.0	17.66	50.0	0.0	0.234	1.0	100.0	100.0	1.0
/olympics/olympic_games/participating_countries	23	43.76	52.17	13.04	0.235	16.91	67.39	21.74	0.352	43.35	41.3	0.0	0.146	19.57	52.17	0.0	0.195	42.87	50.0	15.22	0.264	17.91	67.39	19.57	0.335	53.78	50.0	13.04	0.248	18.54	63.04	28.26	0.403	51.41	50.0	10.87	0.217	16.02	67.39	26.09	0.391	41.87	52.17	15.22	0.26	14.09	67.39	28.26	0.42	61.04	50.0	13.04	0.226	31.65	58.7	23.91	0.36
/olympics/olympic_games/sports	13	14.81	30.77	0.0	0.084	2.85	100.0	23.08	0.495	17.27	34.62	3.85	0.124	8.31	69.23	7.69	0.217	12.62	38.46	3.85	0.163	3.0	100.0	26.92	0.491	21.92	0.0	0.0	0.049	4.04	100.0	0.0	0.296	21.62	0.0	0.0	0.049	3.85	100.0	0.0	0.298	14.04	38.46	0.0	0.091	2.46	100.0	15.38	0.49	13.77	34.62	0.0	0.111	3.19	100.0	23.08	0.475
/olympics/olympic_participating_country/athletes./olympics/olympic_athlete_affiliation/olympics	31	50.08	33.87	16.13	0.221	18.5	50.0	20.97	0.305	43.84	43.55	17.74	0.251	14.02	56.45	22.58	0.326	45.35	37.1	16.13	0.23	15.55	51.61	19.35	0.296	62.11	33.87	19.35	0.239	17.39	45.16	24.19	0.323	58.11	33.87	12.9	0.204	14.87	50.0	24.19	0.335	50.35	40.32	19.35	0.263	12.37	53.23	29.03	0.371	52.69	41.94	14.52	0.233	20.16	51.61	22.58	0.328
/olympics/olympic_participating_country/medals_won./olympics/olympic_medal_honor/medal	38	39.91	53.95	10.53	0.275	9.49	81.58	50.0	0.611	34.38	52.63	14.47	0.309	5.67	88.16	60.53	0.697	41.29	52.63	17.11	0.319	11.74	76.32	39.47	0.506	52.71	50.0	0.0	0.198	7.63	85.53	59.21	0.692	43.47	50.0	0.0	0.202	5.63	88.16	65.79	0.748	33.47	51.32	21.05	0.343	4.59	89.47	73.68	0.799	48.99	50.0	0.0	0.203	9.96	75.0	50.0	0.6
/olympics/olympic_participating_country/medals_won./olympics/olympic_medal_honor/olympics	63	31.04	26.98	3.17	0.117	12.75	65.08	13.49	0.298	30.84	31.75	0.79	0.105	13.13	61.9	11.11	0.278	28.44	29.37	0.79	0.102	11.21	73.02	11.9	0.291	36.35	12.7	0.0	0.056	10.48	72.22	7.14	0.262	33.67	15.08	0.0	0.057	8.87	79.37	13.49	0.328	26.29	27.78	0.79	0.097	8.04	80.16	20.63	0.391	34.06	23.81	0.79	0.083	15.57	65.08	7.94	0.258
/olympics/olympic_sport/athletes./olympics/olympic_athlete_affiliation/country	258	44.41	24.42	1.94	0.097	13.6	62.98	19.19	0.33	42.26	28.1	4.84	0.129	13.6	63.37	21.32	0.335	41.84	27.33	4.65	0.124	13.25	65.89	21.51	0.345	56.85	12.6	0.0	0.052	11.87	68.8	24.61	0.383	51.78	14.53	0.0	0.053	10.44	72.87	27.71	0.415	40.14	27.13	3.68	0.118	10.46	74.03	31.01	0.443	38.4	31.98	2.33	0.109	12.79	69.57	24.03	0.382
/olympics/olympic_sport/athletes./olympics/olympic_athlete_affiliation/olympics	8	12.88	43.75	0.0	0.162	4.13	93.75	37.5	0.524	13.5	50.0	6.25	0.195	5.69	81.25	25.0	0.405	11.75	50.0	0.0	0.182	4.19	87.5	37.5	0.537	21.06	18.75	0.0	0.076	4.63	87.5	31.25	0.481	21.31	25.0	0.0	0.071	4.63	87.5	37.5	0.532	14.19	43.75	0.0	0.149	3.56	87.5	37.5	0.591	14.19	43.75	0.0	0.132	2.94	93.75	50.0	0.652
/organization/endowed_organization/endowment./measurement_unit/dated_money_value/currency	3	171.5	50.0	16.67	0.337	62.17	50.0	16.67	0.339	147.5	50.0	50.0	0.502	59.5	50.0	50.0	0.504	165.83	50.0	33.33	0.391	61.5	50.0	33.33	0.393	159.67	50.0	33.33	0.421	45.0	50.0	33.33	0.425	168.5	50.0	50.0	0.505	53.83	50.0	50.0	0.509	154.33	50.0	50.0	0.505	41.0	50.0	50.0	0.509	1581.5	33.33	33.33	0.335	1550.33	33.33	33.33	0.335
/organization/non_profit_organization/registered_with./organization/non_profit_registration/registering_agency	22	72.73	52.27	47.73	0.501	32.61	70.45	50.0	0.559	93.55	50.0	47.73	0.488	57.82	50.0	47.73	0.492	202.73	50.0	45.45	0.468	154.82	50.0	45.45	0.469	92.07	50.0	50.0	0.503	22.09	86.36	61.36	0.71	76.27	50.0	50.0	0.504	12.55	90.91	81.82	0.864	68.39	50.0	50.0	0.504	8.89	90.91	86.36	0.884	35.39	50.0	50.0	0.508	12.34	54.55	50.0	0.529
/organization/organization/child./organization/organization_relationship/child	20	123.7	27.5	0.0	0.093	121.88	27.5	0.0	0.098	402.18	22.5	2.5	0.068	400.3	22.5	2.5	0.075	503.45	17.5	0.0	0.06	501.55	17.5	0.0	0.071	860.8	22.5	5.0	0.112	858.88	25.0	15.0	0.187	58.45	30.0	0.0	0.124	56.52	32.5	0.0	0.143	114.17	30.0	7.5	0.153	112.67	37.5	12.5	0.19	4574.5	25.0	7.5	0.134	4573.32	27.5	7.5	0.158
/organization/organization/headquarters./location/mailing_address/citytown	55	246.2	29.09	0.91	0.118	235.1	34.55	0.91	0.131	981.35	17.27	0.0	0.048	970.05	19.09	0.0	0.054	1185.38	20.0	0.0	0.05	1174.01	20.91	0.0	0.054	583.75	30.0	10.0	0.164	572.32	31.82	10.91	0.175	275.48	40.91	10.0	0.202	265.0	43.64	10.91	0.217	231.4	37.27	17.27	0.239	220.69	40.0	17.27	0.248	4882.4	18.18	12.73	0.16	4879.71	25.45	12.73	0.165
/organization/organization/headquarters./location/mailing_address/country	7	295.79	42.86	21.43	0.324	224.71	42.86	21.43	0.325	683.07	42.86	14.29	0.234	614.21	42.86	14.29	0.235	787.5	42.86	42.86	0.429	709.07	42.86	42.86	0.43	294.5	42.86	42.86	0.434	226.14	57.14	42.86	0.469	220.36	42.86	42.86	0.431	150.79	42.86	42.86	0.447	212.29	42.86	42.86	0.433	141.93	42.86	42.86	0.444	1451.29	42.86	42.86	0.433	1423.21	42.86	42.86	0.451
/organization/organization/headquarters./location/mailing_address/state_province_region	39	216.23	46.15	1.28	0.168	190.92	50.0	1.28	0.185	390.78	42.31	7.69	0.19	368.62	43.59	7.69	0.195	717.41	41.03	12.82	0.211	694.49	42.31	12.82	0.219	403.58	47.44	19.23	0.278	377.79	48.72	19.23	0.291	310.55	50.0	14.1	0.27	286.27	56.41	15.38	0.3	448.06	50.0	26.92	0.361	423.45	55.13	32.05	0.409	1480.95	53.85	29.49	0.382	1473.15	67.95	38.46	0.51
/organization/organization/place_founded	16	348.0	31.25	3.13	0.114	347.03	37.5	6.25	0.14	995.34	15.63	0.0	0.052	994.34	15.63	0.0	0.055	1020.0	12.5	0.0	0.049	1019.0	12.5	0.0	0.049	328.72	18.75	0.0	0.058	327.72	18.75	3.13	0.08	127.25	46.88	9.38	0.197	126.28	46.88	12.5	0.224	708.41	31.25	15.63	0.193	707.56	31.25	15.63	0.194	6367.38	9.38	6.25	0.076	6366.84	9.38	9.38	0.097
/organization/organization_founder/organizations_founded	9	483.22	44.44	0.0	0.1	482.56	44.44	0.0	0.118	1836.11	11.11	0.0	0.02	1835.44	11.11	0.0	0.021	2445.94	0.0	0.0	0.013	2445.28	0.0	0.0	0.013	1195.11	22.22	5.56	0.125	1194.39	22.22	16.67	0.191	829.5	38.89	11.11	0.195	828.83	38.89	16.67	0.258	205.56	33.33	5.56	0.142	204.89	33.33	5.56	0.156	5185.94	33.33	16.67	0.225	5185.67	33.33	22.22	0.262
/organization/organization_member/member_of./organization/organization_membership/organization	96	47.67	54.69	11.46	0.234	15.7	78.13	39.06	0.529	129.36	48.96	3.65	0.159	100.14	64.58	6.25	0.275	304.73	45.83	6.77	0.177	275.83	72.4	17.71	0.369	103.18	47.4	3.13	0.161	54.99	81.25	47.4	0.588	54.38	50.0	6.25	0.186	9.52	87.5	48.44	0.626	59.04	50.52	8.33	0.225	21.45	89.58	57.81	0.686	331.05	48.96	7.29	0.208	300.54	66.67	39.58	0.488
/organization/role/leaders./organization/leadership/organization	70	168.09	50.0	32.14	0.391	67.66	54.29	33.57	0.412	215.33	50.71	11.43	0.232	127.84	50.71	11.43	0.237	238.99	49.29	26.43	0.339	141.06	51.43	27.14	0.349	200.39	50.0	37.14	0.426	60.64	55.0	40.0	0.459	167.09	50.0	37.86	0.429	46.04	54.29	41.43	0.47	165.78	50.0	37.86	0.433	35.32	58.57	40.0	0.468	320.07	48.57	34.29	0.412	289.85	53.57	37.86	0.444
/people/cause_of_death/people	94	839.06	22.87	2.13	0.085	816.27	22.87	3.19	0.094	1745.29	9.57	1.06	0.036	1722.77	9.57	1.6	0.041	3582.68	3.72	0.53	0.017	3560.15	4.26	0.53	0.019	750.27	23.94	4.26	0.106	727.16	25.0	5.85	0.121	680.46	29.26	4.26	0.12	658.74	30.85	5.32	0.133	487.02	28.72	9.04	0.153	467.8	29.79	9.04	0.155	5810.72	15.59	8.06	0.11	5807.19	15.59	8.6	0.113
/people/deceased_person/place_of_burial	9	222.56	50.0	5.56	0.172	212.33	50.0	5.56	0.174	1214.56	0.0	0.0	0.013	1204.5	0.0	0.0	0.013	1707.78	0.0	0.0	0.003	1697.78	0.0	0.0	0.003	270.0	50.0	5.56	0.204	260.22	50.0	5.56	0.205	171.61	50.0	11.11	0.226	161.83	50.0	11.11	0.226	176.78	50.0	11.11	0.243	167.44	50.0	11.11	0.243	1239.0	44.44	5.56	0.193	1235.06	44.44	5.56	0.193
/people/deceased_person/place_of_death	78	858.26	26.92	2.56	0.102	838.38	28.85	3.21	0.109	1665.01	11.54	2.56	0.057	1645.12	12.18	2.56	0.058	2051.44	7.69	1.92	0.035	2031.51	7.69	1.92	0.036	803.92	28.21	7.69	0.148	783.87	28.21	8.33	0.152	568.6	29.49	10.26	0.165	550.17	30.13	10.26	0.168	388.04	31.41	11.54	0.19	370.12	33.33	11.54	0.193	3991.99	26.92	13.46	0.182	3989.13	26.92	13.46	0.183
/people/ethnicity/geographic_distribution	17	58.29	52.94	11.76	0.275	53.18	58.82	29.41	0.408	296.21	50.0	11.76	0.24	292.06	55.88	14.71	0.293	50.47	38.24	5.88	0.166	45.35	44.12	5.88	0.192	91.91	50.0	17.65	0.297	84.71	64.71	29.41	0.435	32.76	50.0	17.65	0.309	26.32	73.53	41.18	0.51	34.0	58.82	20.59	0.339	28.47	73.53	32.35	0.482	1028.18	47.06	14.71	0.274	1022.41	67.65	29.41	0.4
/people/ethnicity/languages_spoken	29	103.45	39.66	5.17	0.141	97.22	46.55	15.52	0.278	54.41	29.31	6.9	0.13	49.72	34.48	6.9	0.148	358.33	29.31	1.72	0.097	353.38	34.48	1.72	0.109	53.14	53.45	3.45	0.161	46.72	67.24	22.41	0.352	30.26	56.9	3.45	0.186	24.1	67.24	31.03	0.45	16.19	58.62	12.07	0.261	11.19	74.14	34.48	0.471	3021.4	43.1	6.9	0.185	3017.81	50.0	27.59	0.351
/people/ethnicity/people	251	476.2	37.85	13.15	0.216	425.39	41.63	16.53	0.251	984.27	23.71	1.39	0.081	920.26	24.5	2.59	0.093	1036.73	16.73	0.8	0.056	969.87	17.53	2.59	0.072	575.28	36.25	15.14	0.228	508.01	41.04	19.12	0.269	373.07	40.84	14.54	0.24	319.46	46.41	19.92	0.292	355.98	42.63	17.73	0.268	299.85	46.41	21.51	0.306	2975.18	33.47	16.14	0.219	2969.17	35.66	16.93	0.229
/people/marriage_union_type/unions_of_this_type./people/marriage/location_of_ceremony	53	531.14	50.94	15.09	0.303	351.0	53.77	16.98	0.324	1218.95	49.06	20.75	0.339	1047.78	49.06	20.75	0.34	1599.28	49.06	38.68	0.424	1408.79	49.06	38.68	0.425	724.66	50.0	50.0	0.501	497.13	54.72	50.0	0.516	517.85	50.0	49.06	0.497	336.06	59.43	51.89	0.539	713.19	50.94	50.0	0.504	507.9	55.66	53.77	0.544	293.68	49.06	49.06	0.493	219.14	50.0	49.06	0.499
/people/person/employment_history./business/employment_tenure/company	24	381.29	25.0	2.08	0.101	379.23	29.17	4.17	0.146	1124.21	10.42	0.0	0.043	1122.15	10.42	2.08	0.069	1138.4	6.25	2.08	0.038	1136.29	6.25	2.08	0.041	639.94	16.67	6.25	0.099	637.81	20.83	8.33	0.129	187.52	33.33	6.25	0.138	185.46	37.5	10.42	0.198	173.52	35.42	8.33	0.17	171.77	39.58	14.58	0.226	5400.75	16.67	4.17	0.084	5399.9	16.67	4.17	0.09
/people/person/gender	436	1132.91	50.11	38.3	0.442	348.6	50.92	38.53	0.448	1529.2	50.11	29.13	0.388	631.24	50.23	29.13	0.389	3119.29	50.0	38.19	0.441	2379.99	50.0	38.19	0.441	1499.51	50.0	44.61	0.473	167.2	61.93	48.05	0.534	1115.91	49.77	44.72	0.473	226.21	55.16	47.02	0.509	1271.15	49.89	45.18	0.476	86.95	76.03	53.1	0.611	349.81	49.77	42.2	0.461	108.0	58.03	47.02	0.525
/people/person/languages	98	446.27	46.94	17.86	0.278	317.55	49.49	21.94	0.318	663.68	38.78	5.61	0.176	518.47	40.31	8.67	0.201	796.98	36.73	5.1	0.151	650.26	38.78	5.61	0.164	518.08	46.43	25.51	0.328	359.17	53.06	33.67	0.405	369.33	52.04	29.08	0.361	255.09	57.14	39.29	0.455	360.27	51.02	27.55	0.353	218.82	57.14	36.22	0.434	964.43	51.02	30.1	0.376	927.3	52.04	35.2	0.419
/people/person/nationality	494	885.4	47.37	22.27	0.327	232.65	52.43	25.71	0.367	1235.84	43.32	8.4	0.173	398.66	43.62	10.02	0.186	1193.81	44.33	12.15	0.256	354.77	44.84	13.66	0.27	1083.15	47.06	33.1	0.384	220.06	51.92	37.55	0.428	727.51	48.79	35.53	0.41	174.85	54.25	42.11	0.473	883.64	47.47	35.63	0.404	125.7	54.96	41.09	0.462	590.25	49.19	36.44	0.416	510.45	55.57	40.99	0.466
/people/person/place_of_birth	170	1019.57	13.53	0.59	0.05	999.13	13.53	0.59	0.052	1669.83	4.71	0.0	0.018	1649.45	5.0	0.0	0.018	1637.55	5.0	0.29	0.02	1617.07	5.0	0.29	0.02	1411.34	14.12	2.06	0.06	1390.88	14.12	2.06	0.061	840.6	21.47	5.0	0.104	821.39	22.06	5.59	0.11	808.97	20.0	7.35	0.119	789.28	20.59	7.35	0.12	6167.83	12.35	5.59	0.082	6165.2	12.65	6.76	0.091
/people/person/places_lived./people/place_lived/location	305	750.05	19.02	1.31	0.061	716.34	19.84	2.3	0.077	1317.47	8.03	0.33	0.029	1282.41	9.18	0.82	0.037	1305.6	6.56	0.16	0.025	1270.65	6.89	0.98	0.035	1147.71	14.92	1.8	0.063	1112.65	16.72	3.28	0.079	563.74	20.82	1.97	0.084	534.19	22.79	6.39	0.121	788.08	20.66	4.43	0.098	757.02	21.64	7.38	0.122	5515.37	17.21	1.97	0.072	5511.57	17.21	3.61	0.092
/people/person/profession	1311	563.61	42.14	9.12	0.192	252.87	51.37	23.61	0.33	670.26	36.92	6.06	0.158	316.52	41.53	15.06	0.242	731.06	37.07	6.9	0.156	339.53	41.8	16.86	0.256	738.22	40.81	4.5	0.143	300.54	49.85	24.64	0.335	478.03	44.01	9.38	0.195	190.77	56.45	29.41	0.388	536.7	43.52	9.12	0.194	182.82	53.81	29.6	0.384	1166.74	42.03	8.62	0.194	1149.07	51.37	20.44	0.311
/people/person/religion	127	557.32	41.73	16.14	0.242	492.83	42.91	17.32	0.253	1521.0	22.44	0.79	0.068	1437.72	22.44	1.57	0.072	2036.61	12.2	0.39	0.036	1952.68	12.2	1.18	0.04	724.94	42.91	18.9	0.276	641.34	46.06	21.65	0.3	473.43	46.06	19.69	0.284	405.69	48.03	22.44	0.309	570.22	46.46	20.47	0.291	497.76	48.82	22.05	0.308	2264.83	35.83	23.62	0.29	2256.69	35.83	25.59	0.305
/people/person/sibling_s./people/sibling_relationship/sibling	7	88.43	21.43	0.0	0.055	88.0	21.43	0.0	0.06	1223.71	14.29	0.0	0.063	1223.29	14.29	0.0	0.067	1635.86	28.57	0.0	0.061	1635.43	28.57	0.0	0.068	910.21	35.71	0.0	0.067	909.64	35.71	0.0	0.076	179.07	35.71	0.0	0.1	178.64	35.71	0.0	0.124	81.57	28.57	0.0	0.111	81.14	28.57	7.14	0.154	1647.93	57.14	14.29	0.292	1647.64	57.14	14.29	0.334
/people/person/spouse_s./people/marriage/location_of_ceremony	35	641.56	18.57	2.86	0.069	638.9	20.0	2.86	0.075	2087.36	4.29	0.0	0.019	2084.86	4.29	0.0	0.019	1597.71	2.86	0.0	0.012	1595.03	2.86	0.0	0.012	1040.19	18.57	1.43	0.066	1037.56	18.57	1.43	0.071	428.89	15.71	1.43	0.075	426.46	17.14	2.86	0.083	722.13	20.0	2.86	0.077	720.17	20.0	2.86	0.078	5109.79	27.14	14.29	0.197	5108.7	28.57	21.43	0.241
/people/person/spouse_s./people/marriage/spouse	4	644.13	0.0	0.0	0.014	643.88	0.0	0.0	0.014	3482.63	0.0	0.0	0.006	3482.38	0.0	0.0	0.006	693.63	0.0	0.0	0.004	693.38	0.0	0.0	0.004	3403.38	0.0	0.0	0.003	3402.88	0.0	0.0	0.003	797.5	0.0	0.0	0.006	797.25	0.0	0.0	0.006	250.38	0.0	0.0	0.009	250.13	0.0	0.0	0.009	7179.63	0.0	0.0	0.0	7179.5	0.0	0.0	0.0
/people/person/spouse_s./people/marriage/type_of_union	346	1036.8	50.29	35.4	0.428	307.24	50.72	39.31	0.452	1191.25	50.14	36.27	0.424	401.72	50.43	38.58	0.439	1167.1	50.0	38.87	0.44	429.85	50.14	42.05	0.459	1584.42	49.86	41.33	0.456	330.65	50.43	46.97	0.487	1050.3	50.0	38.73	0.444	254.46	51.88	43.5	0.476	1380.28	50.0	43.79	0.469	277.33	50.87	47.54	0.494	423.61	50.14	43.35	0.468	185.76	51.3	46.97	0.493
/people/profession/specialization_of	13	731.73	15.38	0.0	0.046	729.12	19.23	0.0	0.051	2941.0	11.54	3.85	0.079	2938.54	11.54	3.85	0.087	3414.0	23.08	0.0	0.043	3411.54	26.92	0.0	0.048	985.27	34.62	15.38	0.194	982.42	38.46	15.38	0.202	2190.46	19.23	0.0	0.075	2187.88	19.23	0.0	0.078	322.62	26.92	7.69	0.153	320.15	30.77	7.69	0.159	4792.32	22.73	13.64	0.172	4790.73	27.27	18.18	0.211
/soccer/football_player/current_team./sports/sports_team_roster/team	9	149.17	11.11	0.0	0.045	144.89	22.22	0.0	0.055	217.89	0.0	0.0	0.024	213.56	5.56	0.0	0.027	214.33	5.56	0.0	0.031	210.67	11.11	0.0	0.038	122.17	0.0	0.0	0.027	117.89	0.0	0.0	0.03	90.0	16.67	0.0	0.049	85.72	16.67	0.0	0.053	1421.39	5.56	0.0	0.052	1417.06	16.67	0.0	0.057	5028.67	11.11	5.56	0.074	5027.33	11.11	5.56	0.084
/soccer/football_team/current_roster./soccer/football_roster_position/position	10	316.65	50.0	0.0	0.155	63.65	50.0	35.0	0.43	195.05	55.0	15.0	0.273	41.6	60.0	45.0	0.501	228.9	50.0	15.0	0.273	44.2	55.0	40.0	0.464	352.75	50.0	0.0	0.123	69.2	50.0	30.0	0.404	341.05	50.0	0.0	0.123	58.0	50.0	30.0	0.406	350.45	50.0	0.0	0.126	69.4	50.0	30.0	0.404	29.7	50.0	0.0	0.174	15.4	55.0	30.0	0.422
/soccer/football_team/current_roster./sports/sports_team_roster/position	12	303.75	50.0	0.0	0.147	57.92	50.0	25.0	0.381	198.33	54.17	20.83	0.313	40.17	54.17	33.33	0.435	239.29	50.0	4.17	0.21	47.88	50.0	29.17	0.405	353.54	50.0	0.0	0.134	75.29	50.0	29.17	0.399	333.38	50.0	0.0	0.124	56.04	50.0	16.67	0.338	347.21	50.0	0.0	0.127	70.83	50.0	20.83	0.358	31.58	50.0	0.0	0.177	17.75	50.0	29.17	0.411
/sports/pro_athlete/teams./sports/sports_team_roster/team	16	82.72	43.75	3.13	0.148	79.5	50.0	12.5	0.252	139.72	3.13	0.0	0.034	136.69	6.25	0.0	0.038	170.97	18.75	0.0	0.079	167.88	18.75	3.13	0.097	71.78	34.38	3.13	0.132	68.56	37.5	6.25	0.164	50.78	40.63	6.25	0.186	47.5	43.75	12.5	0.234	792.94	37.5	3.13	0.163	789.78	46.88	9.38	0.217	6293.66	12.5	6.25	0.078	6292.38	12.5	9.38	0.099
/sports/professional_sports_team/draft_picks./sports/sports_league_draft_pick/draft	43	13.76	56.98	2.33	0.15	2.48	100.0	39.53	0.606	10.24	63.95	8.14	0.237	2.3	100.0	44.19	0.641	10.72	63.95	5.81	0.207	2.29	100.0	39.53	0.62	16.41	50.0	0.0	0.106	2.52	100.0	36.05	0.598	15.5	50.0	0.0	0.111	2.3	100.0	41.86	0.629	12.45	55.81	5.81	0.19	2.37	100.0	46.51	0.644	9.62	62.79	5.81	0.206	2.64	100.0	39.53	0.59
/sports/professional_sports_team/draft_picks./sports/sports_league_draft_pick/school	86	169.15	18.02	2.91	0.09	151.47	27.91	8.72	0.159	169.13	20.93	5.81	0.111	156.34	25.58	8.72	0.144	677.6	16.28	2.91	0.081	661.76	22.67	3.49	0.105	154.46	15.7	4.07	0.093	135.35	26.16	9.3	0.154	89.02	18.02	3.49	0.092	70.98	30.81	9.3	0.162	105.18	21.51	8.14	0.138	89.69	26.74	9.88	0.165	1642.99	62.21	4.07	0.192	1634.7	72.09	32.56	0.438
/sports/sport/pro_athletes./sports/pro_sports_played/athlete	17	320.65	44.12	8.82	0.216	301.79	67.65	8.82	0.322	1299.65	38.24	0.0	0.154	1289.65	41.18	0.0	0.171	1563.62	32.35	20.59	0.249	1548.62	47.06	23.53	0.288	1133.56	38.24	23.53	0.309	1114.26	61.76	38.24	0.479	194.79	47.06	32.35	0.383	176.47	76.47	64.71	0.692	291.15	50.0	35.29	0.395	273.85	76.47	61.76	0.649	790.56	50.0	29.41	0.382	782.85	73.53	50.0	0.593
/sports/sports_league/teams./sports/sports_league_participation/team	16	37.78	50.0	37.5	0.429	25.03	75.0	56.25	0.619	53.38	59.38	21.88	0.362	46.31	62.5	21.88	0.396	38.47	53.13	28.13	0.405	31.53	56.25	28.13	0.41	31.44	53.13	43.75	0.471	17.66	84.38	59.38	0.652	40.34	53.13	43.75	0.48	27.28	87.5	65.63	0.733	47.94	53.13	43.75	0.476	35.25	78.13	59.38	0.645	11.78	62.5	43.75	0.496	6.44	78.13	56.25	0.622
/sports/sports_league_draft/picks./sports/sports_league_draft_pick/school	42	33.15	38.1	0.0	0.105	24.85	57.14	2.38	0.193	30.96	47.62	3.57	0.164	25.12	53.57	7.14	0.21	27.42	44.05	7.14	0.178	21.29	54.76	10.71	0.23	39.36	34.52	2.38	0.117	30.61	48.81	7.14	0.203	28.43	41.67	0.0	0.124	20.2	65.48	8.33	0.24	28.21	44.05	4.76	0.161	22.13	58.33	8.33	0.239	27.98	33.33	1.19	0.107	20.77	48.81	8.33	0.202
/sports/sports_position/players./sports/sports_team_roster/team	22	108.57	50.0	6.82	0.175	22.8	70.45	34.09	0.454	93.3	54.55	9.09	0.224	24.11	61.36	25.0	0.373	86.41	52.27	13.64	0.245	19.73	65.91	27.27	0.406	132.14	43.18	0.0	0.11	33.32	68.18	22.73	0.358	126.82	40.91	0.0	0.107	28.11	68.18	18.18	0.328	126.95	50.0	4.55	0.16	30.09	70.45	29.55	0.414	2414.41	31.82	0.0	0.086	2407.93	34.09	13.64	0.204
/sports/sports_team/colors	77	132.6	46.1	1.95	0.163	72.71	50.0	12.34	0.259	167.82	43.51	10.39	0.21	123.14	46.75	12.99	0.244	782.06	39.61	5.84	0.153	728.73	42.21	12.34	0.209	223.89	44.16	3.9	0.178	161.69	50.65	21.43	0.322	141.5	46.75	2.6	0.17	81.97	47.4	16.88	0.285	144.38	44.16	11.04	0.214	85.84	47.4	19.48	0.279	1021.84	42.86	17.53	0.259	1009.77	46.1	20.13	0.305
/sports/sports_team/roster./american_football/football_historical_roster_position/position_s	1	31.0	50.0	0.0	0.065	11.5	50.0	0.0	0.192	39.5	0.0	0.0	0.049	20.0	50.0	0.0	0.114	37.5	0.0	0.0	0.05	18.0	50.0	0.0	0.116	33.0	50.0	0.0	0.059	13.0	50.0	0.0	0.188	33.5	0.0	0.0	0.054	13.5	50.0	0.0	0.147	30.0	0.0	0.0	0.056	10.5	50.0	0.0	0.154	34.0	50.0	0.0	0.059	19.5	50.0	0.0	0.139
/sports/sports_team/roster./american_football/football_roster_position/position	3	27.0	0.0	0.0	0.051	9.67	83.33	0.0	0.251	24.33	16.67	0.0	0.057	12.67	83.33	0.0	0.206	23.0	16.67	0.0	0.058	11.0	83.33	0.0	0.236	36.5	0.0	0.0	0.046	16.0	66.67	0.0	0.2	36.67	0.0	0.0	0.045	15.83	66.67	0.0	0.196	25.5	33.33	0.0	0.064	11.83	83.33	0.0	0.31	16.5	16.67	0.0	0.081	5.67	83.33	16.67	0.388
/sports/sports_team/roster./baseball/baseball_roster_position/position	3	20.33	50.0	0.0	0.144	2.5	100.0	50.0	0.65	18.0	50.0	16.67	0.311	5.0	83.33	16.67	0.4	19.0	50.0	16.67	0.312	5.67	66.67	33.33	0.497	22.17	50.0	0.0	0.12	3.67	100.0	16.67	0.422	22.33	50.0	0.0	0.117	3.67	100.0	16.67	0.422	17.0	50.0	16.67	0.27	2.83	100.0	33.33	0.561	14.0	50.0	16.67	0.271	2.83	100.0	33.33	0.561
/sports/sports_team/roster./basketball/basketball_roster_position/position	2	24.75	50.0	0.0	0.178	6.5	75.0	25.0	0.361	29.25	50.0	25.0	0.321	11.75	50.0	25.0	0.357	29.25	50.0	25.0	0.321	11.5	50.0	25.0	0.399	24.25	50.0	0.0	0.199	6.0	75.0	25.0	0.424	25.25	50.0	0.0	0.219	7.25	50.0	25.0	0.414	26.25	50.0	25.0	0.385	8.75	50.0	25.0	0.407	18.75	50.0	25.0	0.389	6.5	50.0	50.0	0.542
/sports/sports_team/sport	53	104.21	50.0	46.23	0.484	18.28	87.74	56.6	0.678	118.58	52.83	11.32	0.233	55.58	69.81	11.32	0.273	370.03	51.89	40.57	0.449	303.53	69.81	46.23	0.535	117.64	50.94	48.11	0.496	20.26	83.02	63.21	0.7	114.21	50.0	49.06	0.499	21.57	81.13	64.15	0.694	137.46	52.83	48.11	0.499	47.0	89.62	72.64	0.782	289.53	55.66	50.0	0.521	259.02	72.64	60.38	0.658
/sports/sports_team_location/teams	53	454.86	3.77	0.0	0.019	454.41	3.77	0.0	0.02	3109.41	0.0	0.0	0.002	3108.95	0.0	0.0	0.002	4964.27	0.0	0.0	0.002	4963.83	0.0	0.0	0.002	731.38	5.66	1.89	0.033	730.9	5.66	1.89	0.033	275.52	6.6	0.94	0.042	275.11	6.6	0.94	0.044	155.1	10.38	1.89	0.053	154.7	10.38	1.89	0.054	7241.2	0.0	0.0	0.0	7240.92	0.0	0.0	0.0
/time/event/instance_of_recurring_event	11	947.59	45.45	40.91	0.429	936.41	81.82	81.82	0.818	2531.64	45.45	45.45	0.467	2518.45	81.82	68.18	0.75	2461.95	50.0	40.91	0.428	2447.18	81.82	59.09	0.705	1347.95	40.91	40.91	0.42	1329.05	81.82	81.82	0.818	2657.27	40.91	40.91	0.42	2639.45	81.82	81.82	0.818	196.0	40.91	40.91	0.421	178.55	81.82	81.82	0.818	9.17	50.0	50.0	0.53	1.0	100.0	100.0	1.0
/time/event/locations	34	131.29	16.18	0.0	0.067	126.6	29.41	2.94	0.114	553.54	17.65	1.47	0.075	549.94	30.88	2.94	0.101	332.63	19.12	0.0	0.069	328.97	23.53	0.0	0.097	230.51	29.41	2.94	0.106	225.79	44.12	8.82	0.187	104.0	32.35	0.0	0.102	99.43	48.53	7.35	0.202	140.99	38.24	1.47	0.133	137.07	51.47	10.29	0.24	1891.19	42.65	2.94	0.148	1888.82	51.47	16.18	0.264
/travel/travel_destination/climate./travel/travel_destination_monthly_climate/month	60	24.07	27.5	0.0	0.077	1.07	100.0	95.83	0.975	18.77	48.33	4.17	0.159	1.72	100.0	62.5	0.769	18.13	45.0	2.5	0.135	1.13	100.0	90.83	0.948	30.4	12.5	0.0	0.057	1.04	100.0	95.83	0.979	28.93	17.5	0.0	0.059	1.06	100.0	95.83	0.977	22.98	39.17	0.0	0.085	1.06	100.0	95.83	0.977	12.48	52.5	0.0	0.128	1.1	100.0	90.83	0.953
/travel/travel_destination/how_to_get_here./travel/transportation/mode_of_transportation	20	23.8	52.5	2.5	0.24	2.58	95.0	52.5	0.681	15.53	55.0	7.5	0.281	2.1	100.0	60.0	0.737	17.48	52.5	10.0	0.287	2.45	97.5	55.0	0.677	28.2	50.0	0.0	0.205	1.88	100.0	52.5	0.713	26.05	50.0	0.0	0.231	1.93	100.0	55.0	0.717	21.45	50.0	7.5	0.279	1.63	100.0	57.5	0.759	19.07	50.0	10.0	0.277	2.9	97.5	65.0	0.715
/tv/non_character_role/tv_regular_personal_appearances./tv/tv_regular_personal_appearance/person	7	424.43	42.86	21.43	0.318	411.79	50.0	21.43	0.342	772.07	35.71	21.43	0.245	759.93	35.71	21.43	0.249	827.29	28.57	14.29	0.192	813.93	28.57	14.29	0.204	1383.07	42.86	28.57	0.364	1366.14	57.14	42.86	0.49	426.5	50.0	28.57	0.37	410.71	64.29	42.86	0.486	489.5	42.86	35.71	0.409	478.79	64.29	50.0	0.547	1786.14	50.0	28.57	0.362	1779.21	57.14	50.0	0.531
/tv/tv_network/programs./tv/tv_network_duration/program	26	268.06	40.38	0.0	0.108	259.87	42.31	0.0	0.131	1020.83	23.08	1.92	0.105	1013.35	25.0	3.85	0.12	574.71	19.23	1.92	0.074	566.88	19.23	1.92	0.08	105.71	48.08	7.69	0.171	97.56	50.0	13.46	0.221	320.1	48.08	1.92	0.146	312.15	51.92	9.62	0.218	70.52	40.38	3.85	0.177	63.13	44.23	13.46	0.245	3426.48	34.62	3.85	0.154	3423.38	36.54	5.77	0.171
/tv/tv_personality/tv_regular_appearances./tv/tv_regular_personal_appearance/program	11	141.14	40.91	0.0	0.153	129.41	40.91	0.0	0.159	435.68	31.82	9.09	0.153	426.14	31.82	9.09	0.163	395.59	36.36	13.64	0.218	383.95	36.36	18.18	0.243	219.36	40.91	31.82	0.366	207.86	54.55	40.91	0.48	161.86	40.91	18.18	0.277	151.77	54.55	22.73	0.339	147.64	40.91	36.36	0.398	138.82	50.0	36.36	0.412	1353.14	40.91	27.27	0.359	1349.27	72.73	27.27	0.379
/tv/tv_producer/programs_produced./tv/tv_producer_term/producer_type	22	208.45	50.0	47.73	0.494	136.2	56.82	47.73	0.512	238.91	50.0	45.45	0.47	162.77	50.0	45.45	0.472	407.64	50.0	29.55	0.399	321.82	50.0	29.55	0.399	204.91	50.0	50.0	0.502	84.98	56.82	50.0	0.528	168.2	50.0	50.0	0.502	77.5	56.82	50.0	0.534	151.32	50.0	50.0	0.502	61.02	61.36	50.0	0.531	135.7	50.0	50.0	0.503	83.45	59.09	52.27	0.546
/tv/tv_producer/programs_produced./tv/tv_producer_term/program	4	34.88	25.0	0.0	0.08	29.38	37.5	0.0	0.15	215.13	37.5	0.0	0.111	210.25	37.5	12.5	0.21	471.63	25.0	0.0	0.061	467.75	25.0	0.0	0.117	263.5	12.5	0.0	0.033	257.75	12.5	0.0	0.039	33.88	37.5	0.0	0.09	28.25	50.0	0.0	0.146	31.38	25.0	0.0	0.065	25.75	25.0	0.0	0.083	2120.13	37.5	12.5	0.191	2117.63	50.0	12.5	0.237
/tv/tv_program/country_of_origin	32	132.36	51.56	31.25	0.4	56.3	70.31	35.94	0.488	228.52	51.56	26.56	0.338	169.81	51.56	26.56	0.349	426.19	46.88	26.56	0.336	349.17	46.88	28.13	0.349	162.95	51.56	35.94	0.417	75.45	60.94	37.5	0.461	128.16	51.56	46.88	0.492	53.25	73.44	51.56	0.581	86.31	50.0	35.94	0.425	11.44	81.25	42.19	0.563	424.64	51.56	40.63	0.449	398.89	62.5	46.88	0.524
/tv/tv_program/genre	94	42.18	36.7	2.13	0.127	21.9	60.64	21.28	0.343	58.81	32.98	2.13	0.124	42.8	50.53	6.91	0.205	66.24	34.57	4.79	0.134	47.72	45.21	11.7	0.238	50.71	36.7	1.06	0.112	27.12	65.43	26.06	0.388	36.05	35.11	1.06	0.121	15.03	70.74	34.57	0.461	35.22	41.49	4.79	0.16	16.31	69.15	29.79	0.419	1533.29	44.68	10.64	0.227	1526.88	61.7	33.51	0.419
/tv/tv_program/languages	24	85.4	54.17	43.75	0.477	4.92	93.75	54.17	0.657	160.4	54.17	35.42	0.43	78.75	62.5	37.5	0.467	138.23	52.08	41.67	0.471	53.98	64.58	43.75	0.503	100.73	52.08	43.75	0.468	6.67	97.92	54.17	0.657	99.67	52.08	41.67	0.457	4.58	95.83	54.17	0.665	103.15	52.08	50.0	0.506	3.46	97.92	52.08	0.621	46.19	52.08	47.92	0.502	5.31	81.25	54.17	0.606
/tv/tv_program/program_creator	2	268.25	0.0	0.0	0.008	268.25	0.0	0.0	0.008	964.0	0.0	0.0	0.001	964.0	0.0	0.0	0.001	7435.25	0.0	0.0	0.0	7435.25	0.0	0.0	0.0	1871.5	0.0	0.0	0.009	1871.25	0.0	0.0	0.009	670.5	0.0	0.0	0.004	670.5	0.0	0.0	0.004	392.5	0.0	0.0	0.005	392.5	0.0	0.0	0.005	5409.0	0.0	0.0	0.0	5409.0	0.0	0.0	0.0
/tv/tv_program/regular_cast./tv/regular_tv_appearance/actor	91	289.09	18.68	1.65	0.073	284.3	25.82	4.4	0.121	1020.61	13.19	2.75	0.054	1016.05	15.38	4.4	0.074	1426.04	12.09	2.2	0.054	1421.53	15.93	3.85	0.074	727.43	14.84	2.2	0.074	722.54	22.53	7.14	0.131	255.19	22.53	2.2	0.092	250.54	29.12	7.69	0.156	633.77	20.88	3.85	0.098	629.77	24.73	8.79	0.146	6150.67	9.89	2.75	0.052	6148.52	10.44	2.75	0.053
/tv/tv_program/tv_producer./tv/tv_producer_term/producer_type	11	71.45	50.0	45.45	0.484	24.55	68.18	45.45	0.517	67.73	54.55	45.45	0.489	32.59	59.09	45.45	0.503	126.68	54.55	45.45	0.488	83.86	54.55	45.45	0.491	301.36	50.0	50.0	0.503	234.86	77.27	72.73	0.741	69.5	50.0	50.0	0.504	14.86	77.27	72.73	0.758	67.59	50.0	50.0	0.505	15.05	81.82	59.09	0.656	47.23	50.0	50.0	0.507	17.09	77.27	59.09	0.629
/tv/tv_writer/tv_programs./tv/tv_program_writer_relationship/tv_program	9	82.5	38.89	5.56	0.138	75.22	38.89	5.56	0.161	548.22	27.78	0.0	0.117	542.06	33.33	11.11	0.181	689.17	22.22	0.0	0.059	681.28	27.78	5.56	0.111	490.39	22.22	0.0	0.11	482.67	27.78	11.11	0.185	151.0	33.33	5.56	0.148	143.89	38.89	16.67	0.225	57.72	27.78	16.67	0.222	52.28	27.78	22.22	0.266	4495.94	33.33	11.11	0.172	4491.67	33.33	16.67	0.219
/user/alexander/philosophy/philosopher/interests	9	19.11	50.0	0.0	0.155	14.39	61.11	22.22	0.34	16.44	50.0	5.56	0.206	12.56	66.67	22.22	0.326	24.11	55.56	0.0	0.129	19.78	61.11	0.0	0.185	20.61	50.0	0.0	0.101	14.89	61.11	5.56	0.218	16.5	55.56	0.0	0.12	10.78	55.56	0.0	0.231	14.83	55.56	0.0	0.128	9.94	66.67	5.56	0.246	19.94	50.0	0.0	0.111	15.89	66.67	5.56	0.197
/user/jg/default_domain/olympic_games/sports	11	15.91	22.73	0.0	0.093	5.14	95.45	4.55	0.265	19.73	18.18	0.0	0.087	10.55	45.45	9.09	0.2	14.77	27.27	4.55	0.131	5.09	95.45	9.09	0.298	22.55	0.0	0.0	0.045	5.73	100.0	0.0	0.191	22.18	0.0	0.0	0.047	5.5	100.0	0.0	0.204	15.45	31.82	0.0	0.083	3.59	100.0	4.55	0.351	16.0	9.09	0.0	0.072	4.05	100.0	13.64	0.354
/user/ktrueman/default_domain/international_organization/member_states	24	45.06	56.25	37.5	0.427	8.48	68.75	50.0	0.577	47.17	50.0	29.17	0.372	14.42	62.5	31.25	0.415	43.69	54.17	27.08	0.359	13.23	62.5	29.17	0.426	60.08	50.0	37.5	0.415	9.06	64.58	45.83	0.541	54.75	50.0	31.25	0.385	6.63	72.92	52.08	0.612	44.38	54.17	37.5	0.426	7.27	79.17	50.0	0.575	63.83	50.0	33.33	0.393	23.0	60.42	45.83	0.51
/user/tsegaran/random/taxonomy_subject/entry./user/tsegaran/random/taxonomy_entry/taxonomy	50	721.93	51.0	44.0	0.478	592.57	54.0	45.0	0.495	2490.75	38.0	1.0	0.098	2265.66	38.0	1.0	0.098	1608.58	45.0	23.0	0.331	1431.51	45.0	23.0	0.332	1134.19	50.0	50.0	0.501	908.81	55.0	51.0	0.532	1292.01	50.0	32.0	0.401	1118.86	54.0	32.0	0.428	705.22	50.0	50.0	0.501	500.13	56.0	50.0	0.527	223.31	48.89	48.89	0.491	117.08	55.56	48.89	0.51
