58.92	50.0	37.5	0.412	48.2	77.5	60.0	0.653
1158.6	46.67	13.33	0.217	1148.2	56.67	26.67	0.344
123.2	24.07	2.91	0.097	81.55	38.93	7.93	0.177
486.22	26.27	4.38	0.123	474.76	35.71	7.14	0.158
25.13	31.89	3.25	0.118	3.31	93.19	54.33	0.67
199.82	24.76	4.89	0.113	187.53	28.71	6.94	0.134
233.19	17.77	2.89	0.077	227.93	19.83	3.31	0.087
48.16	65.63	0.0	0.184	45.03	81.25	0.0	0.302
186.81	26.05	3.56	0.105	155.27	38.57	8.06	0.174
32.64	38.32	0.0	0.1	23.0	76.64	0.0	0.24
352.74	22.35	4.17	0.101	346.85	31.82	8.71	0.165
121.67	42.68	0.0	0.103	116.56	70.73	0.0	0.228
217.46	26.27	2.97	0.106	207.16	31.36	6.78	0.149
192.63	35.42	2.08	0.139	190.46	41.67	6.25	0.191
18.65	25.0	0.0	0.078	9.65	90.0	0.0	0.268
658.96	38.89	12.96	0.196	637.67	42.59	12.96	0.203
106.79	51.04	23.96	0.354	83.05	53.13	37.5	0.441
57.42	50.0	47.5	0.494	8.43	57.5	47.5	0.523
94.6	46.0	12.0	0.276	52.36	80.0	12.0	0.343
555.56	25.0	6.25	0.153	527.25	25.0	6.25	0.154
357.86	46.43	0.0	0.094	269.68	46.43	0.0	0.094
20.43	57.14	14.29	0.303	15.79	71.43	14.29	0.32
2936.8	27.5	0.0	0.081	2934.38	30.0	2.5	0.117
708.27	50.0	18.18	0.301	677.73	50.0	27.27	0.347
7.67	83.33	0.0	0.148	2.5	100.0	16.67	0.5
54.1	50.0	40.0	0.431	38.8	50.0	40.0	0.434
13.89	40.24	4.88	0.165	4.68	91.46	19.51	0.397
15.71	59.52	2.38	0.217	1.67	100.0	64.29	0.783
2287.5	0.0	0.0	0.0	2287.5	0.0	0.0	0.0
679.41	0.0	0.0	0.013	677.36	0.0	0.0	0.013
1296.44	12.5	0.0	0.039	1293.58	12.5	0.0	0.04
495.06	16.13	0.0	0.042	488.08	19.35	0.0	0.045
5.0	100.0	0.0	0.211	2.67	100.0	0.0	0.422
54.6	50.0	0.0	0.196	30.68	65.0	0.0	0.234
42.6	42.86	19.05	0.297	15.57	59.52	23.81	0.355
73.32	38.16	1.32	0.133	57.46	44.74	5.26	0.191
1090.58	50.0	15.83	0.327	888.95	50.0	15.83	0.327
98.38	10.34	0.0	0.051	94.84	12.07	0.0	0.054
10.15	66.67	11.11	0.26	1.54	100.0	70.37	0.82
122.46	46.43	14.29	0.278	101.89	46.43	17.86	0.303
969.94	26.83	1.22	0.095	955.8	26.83	2.44	0.109
98.5	50.0	50.0	0.503	42.0	50.0	50.0	0.506
956.94	25.88	1.18	0.087	936.01	31.76	6.47	0.147
24.5	50.0	0.0	0.111	22.0	50.0	0.0	0.113
3401.98	50.0	50.0	0.5	2349.54	50.0	50.0	0.5
1177.15	60.0	45.0	0.492	1177.15	60.0	45.0	0.492
135.22	41.81	8.54	0.19	68.06	51.92	23.87	0.329
28.29	45.24	4.76	0.158	14.13	72.22	17.46	0.347
423.81	33.33	3.7	0.13	395.17	35.19	5.56	0.141
2.31	100.0	53.85	0.701	2.31	100.0	53.85	0.701
215.14	37.22	6.67	0.16	183.83	38.89	8.33	0.185
198.28	42.5	8.13	0.181	153.48	43.75	10.0	0.194
165.14	20.87	2.34	0.087	140.09	29.91	5.45	0.138
1595.25	7.07	1.45	0.036	1583.79	7.88	1.93	0.042
3.08	100.0	38.46	0.579	3.08	100.0	38.46	0.579
18.41	40.91	9.09	0.213	15.32	59.09	9.09	0.242
848.16	11.76	2.94	0.067	843.46	13.24	2.94	0.071
216.7	50.0	30.0	0.376	137.4	50.0	30.0	0.379
64.83	52.38	19.05	0.351	47.19	52.38	23.81	0.384
197.5	50.0	50.0	0.501	71.5	50.0	50.0	0.504
733.92	45.83	16.67	0.296	677.29	45.83	16.67	0.296
1207.03	6.04	0.3	0.025	1199.75	8.37	1.44	0.043
1306.69	40.63	3.13	0.153	1255.19	40.63	3.13	0.153
1099.53	26.32	2.63	0.094	1096.29	26.32	2.63	0.119
551.44	26.47	2.94	0.098	546.85	29.41	2.94	0.101
117.5	34.62	0.0	0.113	111.31	38.46	0.0	0.115
503.28	43.13	17.94	0.275	277.74	44.27	27.48	0.338
269.49	50.0	11.84	0.233	236.11	50.0	15.79	0.273
502.7	45.0	0.0	0.133	434.25	45.0	0.0	0.133
284.44	37.5	12.5	0.189	281.63	50.0	18.75	0.244
364.85	23.08	7.69	0.123	359.81	26.92	7.69	0.129
504.49	49.34	16.89	0.326	128.03	49.34	16.89	0.329
326.42	17.81	2.74	0.072	318.55	20.55	2.74	0.084
869.03	8.0	0.5	0.03	844.38	8.5	0.5	0.031
18.83	50.0	0.0	0.128	13.83	50.0	0.0	0.135
760.03	19.44	2.78	0.085	752.97	19.44	2.78	0.09
399.17	50.0	26.92	0.367	351.47	50.0	26.92	0.369
641.6	20.0	5.0	0.105	638.05	20.0	5.0	0.107
274.72	31.79	6.58	0.144	148.6	39.54	13.16	0.216
493.14	44.59	29.46	0.342	138.06	48.25	32.96	0.384
641.02	11.96	2.72	0.06	634.82	11.96	2.72	0.061
457.33	17.31	1.92	0.054	450.23	19.23	1.92	0.056
294.56	42.74	6.85	0.178	123.27	47.85	25.5	0.339
1025.68	22.73	13.64	0.179	1023.77	22.73	13.64	0.188
11.69	69.44	0.0	0.235	11.56	72.22	0.0	0.237
810.38	25.83	4.17	0.117	806.51	33.33	5.83	0.144
166.92	33.33	4.17	0.129	153.98	36.31	4.76	0.15
224.68	17.5	0.0	0.062	211.9	17.5	2.5	0.078
486.92	50.32	39.56	0.445	80.9	50.95	40.19	0.455
118.52	14.24	1.0	0.06	26.13	59.88	16.86	0.307
426.89	11.11	0.0	0.049	422.78	16.67	0.0	0.05
813.87	32.26	3.23	0.108	812.02	33.87	9.68	0.185
885.77	9.62	0.0	0.041	884.46	13.46	0.0	0.045
316.36	30.94	5.94	0.141	277.28	32.81	8.13	0.165
459.94	18.75	0.0	0.068	455.94	31.25	0.0	0.085
1422.86	12.99	1.3	0.046	1414.92	12.99	1.3	0.051
631.0	16.67	0.0	0.045	611.0	16.67	0.0	0.045
348.09	45.45	4.55	0.207	330.91	45.45	4.55	0.208
22.52	29.52	2.38	0.112	2.57	98.1	61.43	0.727
260.81	39.01	14.29	0.234	228.36	42.31	23.08	0.313
16.04	62.5	25.0	0.406	2.58	100.0	50.0	0.622
18.08	34.62	5.13	0.146	2.65	96.15	51.71	0.659
12.42	38.46	3.85	0.156	4.65	92.31	19.23	0.405
555.59	27.27	4.55	0.143	545.32	27.27	4.55	0.152
79.06	40.63	6.25	0.157	71.13	40.63	6.25	0.176
1586.89	16.67	0.0	0.075	1580.5	16.67	0.0	0.076
10.57	56.67	8.33	0.222	4.7	85.0	45.0	0.591
33.38	50.0	12.5	0.3	20.0	50.0	50.0	0.513
236.7	15.11	0.21	0.057	230.07	20.43	0.21	0.069
76.5	0.0	0.0	0.017	75.75	0.0	0.0	0.017
49.7	26.0	4.0	0.125	44.44	32.0	6.0	0.153
88.0	33.33	0.0	0.106	61.5	33.33	0.0	0.107
1744.68	4.55	0.0	0.02	1743.41	4.55	0.0	0.022
128.87	50.0	5.81	0.206	108.36	50.0	15.12	0.291
391.06	34.38	15.63	0.238	383.22	37.5	18.75	0.264
485.08	48.91	21.74	0.34	312.96	48.91	21.74	0.34
155.57	21.43	7.14	0.135	154.71	28.57	7.14	0.138
43.52	85.42	47.92	0.597	43.52	85.42	47.92	0.597
515.33	50.0	41.67	0.458	231.98	50.0	41.67	0.459
15.11	53.64	2.73	0.178	12.95	60.91	4.55	0.228
502.53	29.09	3.94	0.115	396.49	37.27	6.21	0.154
1163.35	26.92	3.85	0.138	1161.23	34.62	3.85	0.154
1057.59	43.43	3.28	0.181	918.23	43.43	4.01	0.185
162.0	50.0	37.5	0.418	54.5	50.0	37.5	0.421
56.0	50.0	33.33	0.39	19.17	50.0	33.33	0.41
63.0	15.38	0.0	0.049	58.81	15.38	0.0	0.058
73.95	43.33	2.5	0.13	59.5	76.67	27.5	0.44
344.79	50.0	14.13	0.294	169.62	50.0	14.13	0.295
1.0	100.0	100.0	1.0	1.0	100.0	100.0	1.0
227.65	35.48	9.68	0.184	170.47	37.1	11.69	0.211
1571.2	16.67	3.33	0.07	1565.0	16.67	6.67	0.087
36.96	11.54	0.0	0.052	32.46	23.08	0.0	0.064
18.82	38.71	1.61	0.124	11.89	59.68	6.45	0.211
25.41	20.59	5.88	0.129	15.44	38.24	8.82	0.189
443.38	33.82	1.47	0.12	437.07	48.53	4.41	0.178
137.82	21.43	3.57	0.102	129.25	21.43	3.57	0.118
1896.31	4.41	0.0	0.014	1890.03	4.41	0.0	0.014
95.14	24.67	2.63	0.099	74.05	32.57	7.57	0.155
184.38	27.41	4.44	0.116	144.69	39.98	11.9	0.214
75.78	32.99	5.15	0.155	69.48	41.24	5.15	0.176
30.11	52.27	4.55	0.204	27.95	54.55	6.82	0.231
163.55	32.76	5.17	0.131	148.26	36.21	6.9	0.158
81.42	0.0	0.0	0.016	78.17	0.0	0.0	0.017
160.2	30.72	4.9	0.137	116.85	35.62	10.78	0.197
35.5	0.0	0.0	0.028	31.5	0.0	0.0	0.032
52.16	41.32	2.4	0.135	23.63	63.47	24.55	0.363
50.77	12.5	0.0	0.061	27.93	35.0	3.75	0.128
40.07	19.81	2.83	0.086	15.53	49.06	10.38	0.215
449.29	19.36	3.57	0.085	425.98	21.99	4.51	0.1
16.44	53.13	21.88	0.355	1.0	100.0	100.0	1.0
43.35	41.3	0.0	0.146	19.57	52.17	0.0	0.195
17.27	34.62	3.85	0.124	8.31	69.23	7.69	0.217
43.84	43.55	17.74	0.251	14.02	56.45	22.58	0.326
34.38	52.63	14.47	0.309	5.67	88.16	60.53	0.697
30.84	31.75	0.79	0.105	13.13	61.9	11.11	0.278
42.26	28.1	4.84	0.129	13.6	63.37	21.32	0.335
13.5	50.0	6.25	0.195	5.69	81.25	25.0	0.405
147.5	50.0	50.0	0.502	59.5	50.0	50.0	0.504
93.55	50.0	47.73	0.488	57.82	50.0	47.73	0.492
402.18	22.5	2.5	0.068	400.3	22.5	2.5	0.075
981.35	17.27	0.0	0.048	970.05	19.09	0.0	0.054
683.07	42.86	14.29	0.234	614.21	42.86	14.29	0.235
390.78	42.31	7.69	0.19	368.62	43.59	7.69	0.195
995.34	15.63	0.0	0.052	994.34	15.63	0.0	0.055
1836.11	11.11	0.0	0.02	1835.44	11.11	0.0	0.021
129.36	48.96	3.65	0.159	100.14	64.58	6.25	0.275
215.33	50.71	11.43	0.232	127.84	50.71	11.43	0.237
1745.29	9.57	1.06	0.036	1722.77	9.57	1.6	0.041
1214.56	0.0	0.0	0.013	1204.5	0.0	0.0	0.013
1665.01	11.54	2.56	0.057	1645.12	12.18	2.56	0.058
296.21	50.0	11.76	0.24	292.06	55.88	14.71	0.293
54.41	29.31	6.9	0.13	49.72	34.48	6.9	0.148
984.27	23.71	1.39	0.081	920.26	24.5	2.59	0.093
1218.95	49.06	20.75	0.339	1047.78	49.06	20.75	0.34
1124.21	10.42	0.0	0.043	1122.15	10.42	2.08	0.069
1529.2	50.11	29.13	0.388	631.24	50.23	29.13	0.389
663.68	38.78	5.61	0.176	518.47	40.31	8.67	0.201
1235.84	43.32	8.4	0.173	398.66	43.62	10.02	0.186
1669.83	4.71	0.0	0.018	1649.45	5.0	0.0	0.018
1317.47	8.03	0.33	0.029	1282.41	9.18	0.82	0.037
670.26	36.92	6.06	0.158	316.52	41.53	15.06	0.242
1521.0	22.44	0.79	0.068	1437.72	22.44	1.57	0.072
1223.71	14.29	0.0	0.063	1223.29	14.29	0.0	0.067
2087.36	4.29	0.0	0.019	2084.86	4.29	0.0	0.019
3482.63	0.0	0.0	0.006	3482.38	0.0	0.0	0.006
1191.25	50.14	36.27	0.424	401.72	50.43	38.58	0.439
2941.0	11.54	3.85	0.079	2938.54	11.54	3.85	0.087
217.89	0.0	0.0	0.024	213.56	5.56	0.0	0.027
195.05	55.0	15.0	0.273	41.6	60.0	45.0	0.501
198.33	54.17	20.83	0.313	40.17	54.17	33.33	0.435
139.72	3.13	0.0	0.034	136.69	6.25	0.0	0.038
10.24	63.95	8.14	0.237	2.3	100.0	44.19	0.641
169.13	20.93	5.81	0.111	156.34	25.58	8.72	0.144
1299.65	38.24	0.0	0.154	1289.65	41.18	0.0	0.171
53.38	59.38	21.88	0.362	46.31	62.5	21.88	0.396
30.96	47.62	3.57	0.164	25.12	53.57	7.14	0.21
93.3	54.55	9.09	0.224	24.11	61.36	25.0	0.373
167.82	43.51	10.39	0.21	123.14	46.75	12.99	0.244
39.5	0.0	0.0	0.049	20.0	50.0	0.0	0.114
24.33	16.67	0.0	0.057	12.67	83.33	0.0	0.206
18.0	50.0	16.67	0.311	5.0	83.33	16.67	0.4
29.25	50.0	25.0	0.321	11.75	50.0	25.0	0.357
118.58	52.83	11.32	0.233	55.58	69.81	11.32	0.273
3109.41	0.0	0.0	0.002	3108.95	0.0	0.0	0.002
2531.64	45.45	45.45	0.467	2518.45	81.82	68.18	0.75
553.54	17.65	1.47	0.075	549.94	30.88	2.94	0.101
18.77	48.33	4.17	0.159	1.72	100.0	62.5	0.769
15.53	55.0	7.5	0.281	2.1	100.0	60.0	0.737
772.07	35.71	21.43	0.245	759.93	35.71	21.43	0.249
1020.83	23.08	1.92	0.105	1013.35	25.0	3.85	0.12
435.68	31.82	9.09	0.153	426.14	31.82	9.09	0.163
238.91	50.0	45.45	0.47	162.77	50.0	45.45	0.472
215.13	37.5	0.0	0.111	210.25	37.5	12.5	0.21
228.52	51.56	26.56	0.338	169.81	51.56	26.56	0.349
58.81	32.98	2.13	0.124	42.8	50.53	6.91	0.205
160.4	54.17	35.42	0.43	78.75	62.5	37.5	0.467
964.0	0.0	0.0	0.001	964.0	0.0	0.0	0.001
1020.61	13.19	2.75	0.054	1016.05	15.38	4.4	0.074
67.73	54.55	45.45	0.489	32.59	59.09	45.45	0.503
548.22	27.78	0.0	0.117	542.06	33.33	11.11	0.181
16.44	50.0	5.56	0.206	12.56	66.67	22.22	0.326
19.73	18.18	0.0	0.087	10.55	45.45	9.09	0.2
47.17	50.0	29.17	0.372	14.42	62.5	31.25	0.415
2490.75	38.0	1.0	0.098	2265.66	38.0	1.0	0.098
