285.07	37.5	37.5	0.385	264.4	75.0	65.0	0.701
26.27	50.0	3.33	0.199	12.8	76.67	56.67	0.635
147.08	15.97	0.17	0.05	87.0	46.85	8.45	0.203
357.0	24.19	2.07	0.086	341.65	37.56	5.99	0.153
37.1	9.29	0.0	0.051	2.36	97.83	61.61	0.744
221.98	29.97	4.1	0.122	206.12	45.27	17.67	0.263
286.05	23.14	2.89	0.097	279.5	31.82	13.64	0.208
40.84	50.0	0.0	0.135	36.28	81.25	3.13	0.315
182.52	22.12	1.27	0.073	139.61	42.22	10.31	0.204
137.39	16.59	0.0	0.059	124.61	68.46	1.4	0.182
338.23	14.02	1.89	0.066	331.89	26.14	3.41	0.109
149.72	23.17	1.22	0.078	143.21	54.88	3.66	0.156
93.43	13.14	0.42	0.05	78.37	28.39	2.97	0.104
93.63	16.67	0.0	0.062	90.92	27.08	0.0	0.085
33.2	0.0	0.0	0.053	21.25	90.0	5.0	0.271
369.81	50.0	42.59	0.448	342.22	57.41	46.3	0.496
85.86	50.0	28.13	0.372	47.24	67.71	50.0	0.571
84.38	50.0	50.0	0.503	1.85	100.0	67.5	0.781
143.38	42.0	42.0	0.427	73.42	82.0	66.0	0.71
453.81	50.0	31.25	0.347	424.06	50.0	31.25	0.354
232.29	50.0	35.71	0.408	143.96	50.0	35.71	0.41
73.29	35.71	14.29	0.254	63.29	35.71	14.29	0.258
477.3	40.0	5.0	0.144	474.48	47.5	12.5	0.25
977.27	50.0	22.73	0.366	941.27	54.55	31.82	0.417
11.5	0.0	0.0	0.087	2.83	100.0	0.0	0.375
22.7	50.0	50.0	0.514	7.5	80.0	50.0	0.569
20.01	2.44	0.0	0.054	4.29	92.68	18.29	0.414
24.52	50.0	0.0	0.118	1.74	97.62	71.43	0.825
144.5	0.0	0.0	0.007	144.5	0.0	0.0	0.007
693.27	0.0	0.0	0.007	691.23	0.0	0.0	0.007
1134.63	3.13	1.56	0.034	1131.44	3.13	1.56	0.035
312.13	12.9	3.23	0.066	304.73	16.13	3.23	0.075
10.83	33.33	0.0	0.093	2.83	100.0	0.0	0.375
362.73	45.0	17.5	0.31	323.7	52.5	40.0	0.462
46.19	52.38	26.19	0.347	5.79	88.1	54.76	0.648
95.43	43.42	11.84	0.215	77.17	59.21	25.0	0.377
575.14	50.0	49.17	0.496	327.5	55.0	49.17	0.513
137.03	22.41	1.72	0.092	131.86	31.03	6.9	0.144
17.3	40.74	0.0	0.089	1.76	96.3	83.33	0.889
119.64	50.0	32.14	0.394	96.46	60.71	46.43	0.524
140.48	43.9	9.76	0.23	123.43	53.66	29.27	0.384
137.0	50.0	50.0	0.502	30.5	50.0	50.0	0.508
360.09	35.29	1.76	0.108	332.37	47.06	14.12	0.259
43.5	50.0	0.0	0.106	41.0	50.0	0.0	0.106
3233.65	50.0	50.0	0.5	1244.77	50.62	50.12	0.503
4024.7	0.0	0.0	0.003	4024.35	0.0	0.0	0.003
182.88	34.49	1.57	0.097	67.63	56.97	21.43	0.329
36.6	41.27	0.0	0.09	12.48	78.57	31.75	0.466
335.43	46.3	22.22	0.302	302.44	48.15	27.78	0.352
19.19	61.54	23.08	0.374	19.19	61.54	23.08	0.374
210.51	38.33	1.11	0.122	164.45	45.0	11.11	0.209
140.56	47.5	16.25	0.282	66.34	56.88	28.13	0.373
154.85	12.31	0.31	0.044	115.09	37.23	7.94	0.168
834.23	13.02	1.45	0.053	822.22	14.79	3.22	0.072
10.0	57.69	23.08	0.364	10.0	57.69	23.08	0.364
29.45	9.09	0.0	0.066	21.09	31.82	0.0	0.111
809.38	26.47	1.47	0.102	804.12	27.94	5.88	0.141
247.3	50.0	30.0	0.386	131.9	50.0	30.0	0.389
74.21	50.0	26.19	0.382	40.62	54.76	42.86	0.483
636.0	50.0	50.0	0.5	485.0	50.0	50.0	0.501
584.25	50.0	50.0	0.502	524.0	54.17	54.17	0.546
816.73	5.02	0.12	0.02	809.19	10.05	2.09	0.051
481.31	50.0	43.75	0.471	425.97	53.13	50.0	0.52
627.21	31.58	5.26	0.13	623.74	39.47	5.26	0.137
282.74	41.18	17.65	0.248	277.94	41.18	17.65	0.262
164.38	38.46	15.38	0.252	158.04	46.15	15.38	0.258
531.63	43.13	17.18	0.262	224.95	46.56	29.01	0.352
91.68	51.32	18.42	0.3	46.59	78.95	39.47	0.532
81.0	50.0	50.0	0.503	16.4	60.0	55.0	0.571
20.31	56.25	12.5	0.239	15.94	62.5	31.25	0.432
279.12	38.46	11.54	0.204	273.04	46.15	11.54	0.215
526.62	50.33	48.34	0.493	57.85	55.63	49.67	0.522
406.31	35.62	2.74	0.147	397.34	53.42	12.33	0.243
686.67	21.0	8.0	0.124	662.35	22.5	8.5	0.135
7.5	50.0	50.0	0.536	2.5	100.0	50.0	0.631
102.86	44.44	16.67	0.283	95.03	52.78	25.0	0.34
290.44	50.0	32.05	0.401	215.79	53.85	33.33	0.418
152.0	50.0	15.0	0.263	147.9	55.0	20.0	0.315
363.95	35.94	1.18	0.092	186.09	45.64	19.46	0.287
626.94	43.95	27.39	0.323	169.83	60.83	37.9	0.449
358.62	22.28	4.89	0.101	352.35	25.54	5.98	0.118
432.77	32.69	3.85	0.128	425.04	34.62	5.77	0.151
418.1	40.26	0.74	0.092	129.1	52.56	25.17	0.347
1279.27	22.73	13.64	0.16	1276.59	31.82	13.64	0.191
51.75	50.0	2.78	0.149	51.58	50.0	2.78	0.158
262.41	26.67	3.33	0.113	257.98	35.83	7.5	0.163
154.93	36.31	1.79	0.142	137.08	52.38	12.5	0.272
143.5	40.0	10.0	0.207	128.72	45.0	20.0	0.292
739.84	50.0	47.15	0.483	65.75	50.95	48.42	0.501
170.38	2.14	0.86	0.029	31.65	56.57	14.13	0.278
677.06	27.78	0.0	0.096	672.94	27.78	0.0	0.11
383.19	38.71	8.06	0.167	380.65	43.55	20.97	0.289
595.02	19.23	1.92	0.078	593.62	21.15	1.92	0.086
353.23	35.0	4.06	0.137	297.81	44.38	14.38	0.236
60.69	50.0	6.25	0.143	56.44	56.25	6.25	0.173
816.46	28.57	6.49	0.136	808.14	30.52	9.09	0.163
142.5	50.0	50.0	0.505	123.17	66.67	50.0	0.529
418.09	50.0	36.36	0.437	401.18	59.09	40.91	0.498
35.36	4.76	0.0	0.042	1.75	100.0	72.86	0.82
147.54	45.6	9.89	0.239	104.62	65.38	40.66	0.495
23.5	54.17	8.33	0.299	1.08	100.0	91.67	0.958
28.51	8.12	0.0	0.047	1.86	98.29	72.22	0.819
19.12	7.69	0.0	0.065	4.77	100.0	3.85	0.276
580.45	45.45	27.27	0.359	567.77	63.64	27.27	0.396
25.09	50.0	9.38	0.233	13.44	71.88	37.5	0.455
319.28	27.78	11.11	0.157	312.78	38.89	11.11	0.188
12.93	41.67	0.0	0.13	2.23	96.67	70.0	0.806
24.38	50.0	0.0	0.178	4.63	100.0	37.5	0.505
151.68	13.19	0.43	0.05	142.84	28.3	3.83	0.116
327.0	0.0	0.0	0.01	326.25	0.0	0.0	0.01
44.6	48.0	8.0	0.189	36.42	62.0	16.0	0.301
298.0	33.33	16.67	0.253	271.83	33.33	16.67	0.255
760.77	18.18	0.0	0.059	759.45	18.18	0.0	0.064
62.33	50.0	4.65	0.218	28.48	59.3	33.72	0.435
54.25	46.88	15.63	0.259	40.5	56.25	18.75	0.305
241.83	48.91	47.83	0.485	64.29	52.17	47.83	0.501
50.5	50.0	7.14	0.183	49.57	50.0	7.14	0.199
189.86	37.5	2.08	0.109	189.86	37.5	2.08	0.109
472.85	50.0	50.0	0.501	37.63	57.74	51.19	0.533
138.3	36.36	0.91	0.099	135.55	49.09	0.91	0.136
331.2	41.21	2.88	0.161	222.3	49.24	22.73	0.318
26.19	61.54	7.69	0.228	23.35	65.38	23.08	0.387
259.47	49.64	39.05	0.436	107.73	57.3	41.24	0.475
118.5	50.0	50.0	0.502	10.13	50.0	50.0	0.53
74.83	66.67	33.33	0.442	17.17	66.67	50.0	0.531
120.65	30.77	3.85	0.112	116.15	46.15	7.69	0.182
57.31	16.67	0.83	0.069	34.09	76.67	32.5	0.492
270.63	50.0	50.0	0.501	62.08	50.0	50.0	0.511
1555.0	0.0	0.0	0.018	1555.0	0.0	0.0	0.018
283.67	42.34	11.69	0.209	200.86	49.6	20.56	0.302
863.2	36.67	13.33	0.207	856.43	36.67	16.67	0.224
92.12	46.15	0.0	0.106	84.31	53.85	0.0	0.204
43.11	46.77	0.0	0.112	33.34	72.58	20.97	0.383
25.94	0.0	0.0	0.041	7.06	85.29	0.0	0.193
210.82	32.35	0.0	0.107	202.32	64.71	13.24	0.289
262.18	42.86	7.14	0.173	251.57	42.86	17.86	0.274
817.93	22.06	0.0	0.066	811.63	25.0	1.47	0.081
129.12	18.75	1.32	0.063	94.62	35.86	6.25	0.154
154.21	20.33	0.68	0.062	97.74	43.9	16.11	0.256
87.56	33.51	1.55	0.109	78.32	47.94	10.82	0.232
41.45	50.0	11.36	0.23	39.16	56.82	20.45	0.303
129.98	31.03	0.0	0.1	107.14	39.66	5.17	0.167
27.33	41.67	0.0	0.096	23.83	41.67	0.0	0.109
183.03	30.39	2.61	0.1	117.42	39.87	10.46	0.2
20.5	0.0	0.0	0.051	16.25	0.0	0.0	0.064
67.03	32.34	0.3	0.07	18.87	66.47	26.05	0.402
60.6	0.0	0.0	0.023	27.18	20.0	0.0	0.08
65.77	0.94	0.0	0.02	22.35	23.58	2.83	0.098
360.17	20.11	0.38	0.062	331.73	28.76	6.2	0.134
20.94	50.0	0.0	0.211	1.0	100.0	100.0	1.0
53.78	50.0	13.04	0.248	18.54	63.04	28.26	0.403
21.92	0.0	0.0	0.049	4.04	100.0	0.0	0.296
62.11	33.87	19.35	0.239	17.39	45.16	24.19	0.323
52.71	50.0	0.0	0.198	7.63	85.53	59.21	0.692
36.35	12.7	0.0	0.056	10.48	72.22	7.14	0.262
56.85	12.6	0.0	0.052	11.87	68.8	24.61	0.383
21.06	18.75	0.0	0.076	4.63	87.5	31.25	0.481
159.67	50.0	33.33	0.421	45.0	50.0	33.33	0.425
92.07	50.0	50.0	0.503	22.09	86.36	61.36	0.71
860.8	22.5	5.0	0.112	858.88	25.0	15.0	0.187
583.75	30.0	10.0	0.164	572.32	31.82	10.91	0.175
294.5	42.86	42.86	0.434	226.14	57.14	42.86	0.469
403.58	47.44	19.23	0.278	377.79	48.72	19.23	0.291
328.72	18.75	0.0	0.058	327.72	18.75	3.13	0.08
1195.11	22.22	5.56	0.125	1194.39	22.22	16.67	0.191
103.18	47.4	3.13	0.161	54.99	81.25	47.4	0.588
200.39	50.0	37.14	0.426	60.64	55.0	40.0	0.459
750.27	23.94	4.26	0.106	727.16	25.0	5.85	0.121
270.0	50.0	5.56	0.204	260.22	50.0	5.56	0.205
803.92	28.21	7.69	0.148	783.87	28.21	8.33	0.152
91.91	50.0	17.65	0.297	84.71	64.71	29.41	0.435
53.14	53.45	3.45	0.161	46.72	67.24	22.41	0.352
575.28	36.25	15.14	0.228	508.01	41.04	19.12	0.269
724.66	50.0	50.0	0.501	497.13	54.72	50.0	0.516
639.94	16.67	6.25	0.099	637.81	20.83	8.33	0.129
1499.51	50.0	44.61	0.473	167.2	61.93	48.05	0.534
518.08	46.43	25.51	0.328	359.17	53.06	33.67	0.405
1083.15	47.06	33.1	0.384	220.06	51.92	37.55	0.428
1411.34	14.12	2.06	0.06	1390.88	14.12	2.06	0.061
1147.71	14.92	1.8	0.063	1112.65	16.72	3.28	0.079
738.22	40.81	4.5	0.143	300.54	49.85	24.64	0.335
724.94	42.91	18.9	0.276	641.34	46.06	21.65	0.3
910.21	35.71	0.0	0.067	909.64	35.71	0.0	0.076
1040.19	18.57	1.43	0.066	1037.56	18.57	1.43	0.071
3403.38	0.0	0.0	0.003	3402.88	0.0	0.0	0.003
1584.42	49.86	41.33	0.456	330.65	50.43	46.97	0.487
985.27	34.62	15.38	0.194	982.42	38.46	15.38	0.202
122.17	0.0	0.0	0.027	117.89	0.0	0.0	0.03
352.75	50.0	0.0	0.123	69.2	50.0	30.0	0.404
353.54	50.0	0.0	0.134	75.29	50.0	29.17	0.399
71.78	34.38	3.13	0.132	68.56	37.5	6.25	0.164
16.41	50.0	0.0	0.106	2.52	100.0	36.05	0.598
154.46	15.7	4.07	0.093	135.35	26.16	9.3	0.154
1133.56	38.24	23.53	0.309	1114.26	61.76	38.24	0.479
31.44	53.13	43.75	0.471	17.66	84.38	59.38	0.652
39.36	34.52	2.38	0.117	30.61	48.81	7.14	0.203
132.14	43.18	0.0	0.11	33.32	68.18	22.73	0.358
223.89	44.16	3.9	0.178	161.69	50.65	21.43	0.322
33.0	50.0	0.0	0.059	13.0	50.0	0.0	0.188
36.5	0.0	0.0	0.046	16.0	66.67	0.0	0.2
22.17	50.0	0.0	0.12	3.67	100.0	16.67	0.422
24.25	50.0	0.0	0.199	6.0	75.0	25.0	0.424
117.64	50.94	48.11	0.496	20.26	83.02	63.21	0.7
731.38	5.66	1.89	0.033	730.9	5.66	1.89	0.033
1347.95	40.91	40.91	0.42	1329.05	81.82	81.82	0.818
230.51	29.41	2.94	0.106	225.79	44.12	8.82	0.187
30.4	12.5	0.0	0.057	1.04	100.0	95.83	0.979
28.2	50.0	0.0	0.205	1.88	100.0	52.5	0.713
1383.07	42.86	28.57	0.364	1366.14	57.14	42.86	0.49
105.71	48.08	7.69	0.171	97.56	50.0	13.46	0.221
219.36	40.91	31.82	0.366	207.86	54.55	40.91	0.48
204.91	50.0	50.0	0.502	84.98	56.82	50.0	0.528
263.5	12.5	0.0	0.033	257.75	12.5	0.0	0.039
162.95	51.56	35.94	0.417	75.45	60.94	37.5	0.461
50.71	36.7	1.06	0.112	27.12	65.43	26.06	0.388
100.73	52.08	43.75	0.468	6.67	97.92	54.17	0.657
1871.5	0.0	0.0	0.009	1871.25	0.0	0.0	0.009
727.43	14.84	2.2	0.074	722.54	22.53	7.14	0.131
301.36	50.0	50.0	0.503	234.86	77.27	72.73	0.741
490.39	22.22	0.0	0.11	482.67	27.78	11.11	0.185
20.61	50.0	0.0	0.101	14.89	61.11	5.56	0.218
22.55	0.0	0.0	0.045	5.73	100.0	0.0	0.191
60.08	50.0	37.5	0.415	9.06	64.58	45.83	0.541
1134.19	50.0	50.0	0.501	908.81	55.0	51.0	0.532
