30.77	42.5	37.5	0.402	15.93	77.5	72.5	0.75
335.87	56.67	13.33	0.303	325.13	83.33	50.0	0.593
101.2	25.82	2.04	0.09	57.59	50.58	13.23	0.254
296.21	33.41	4.61	0.132	283.52	47.7	11.06	0.222
28.25	25.39	0.93	0.084	1.73	99.23	74.92	0.837
148.03	35.96	7.57	0.166	136.76	47.63	18.3	0.274
113.71	40.5	5.79	0.151	108.66	45.45	12.81	0.22
15.41	71.88	3.13	0.2	11.38	90.63	9.38	0.394
128.81	29.52	3.51	0.114	95.77	48.31	13.45	0.247
33.49	30.84	0.47	0.089	22.59	79.44	5.61	0.285
267.03	23.48	4.55	0.111	261.41	34.09	10.23	0.188
33.99	41.46	0.0	0.093	28.17	71.95	2.44	0.226
66.19	30.08	1.69	0.1	54.79	44.49	9.32	0.208
213.63	39.58	6.25	0.171	211.42	47.92	14.58	0.255
16.7	10.0	0.0	0.071	7.1	90.0	0.0	0.301
194.76	48.15	44.44	0.455	171.06	53.7	46.3	0.487
45.02	51.04	37.5	0.438	16.67	70.83	56.25	0.627
60.13	52.5	50.0	0.51	1.5	100.0	57.5	0.78
69.9	50.0	42.0	0.438	17.52	92.0	70.0	0.741
279.5	43.75	31.25	0.338	250.38	43.75	31.25	0.34
202.75	53.57	39.29	0.448	116.29	53.57	39.29	0.45
22.36	64.29	35.71	0.449	13.0	71.43	35.71	0.478
275.55	40.0	5.0	0.14	273.15	45.0	12.5	0.217
690.77	50.0	22.73	0.368	659.32	54.55	31.82	0.416
7.67	83.33	0.0	0.145	1.83	100.0	50.0	0.694
25.4	50.0	50.0	0.512	9.7	80.0	50.0	0.553
14.5	29.27	2.44	0.115	4.16	93.9	21.95	0.445
18.36	50.0	2.38	0.158	1.31	100.0	73.81	0.863
127.5	0.0	0.0	0.014	127.5	0.0	0.0	0.014
313.36	13.64	0.0	0.044	311.41	13.64	0.0	0.06
428.3	10.94	0.0	0.043	425.5	10.94	0.0	0.05
348.82	27.42	6.45	0.136	343.27	30.65	6.45	0.144
9.5	66.67	0.0	0.107	2.0	100.0	33.33	0.611
52.58	50.0	35.0	0.419	22.52	67.5	52.5	0.592
36.64	54.76	28.57	0.37	3.88	85.71	54.76	0.664
32.37	51.32	18.42	0.277	17.12	69.74	27.63	0.413
427.2	50.0	49.17	0.498	250.33	53.33	49.17	0.514
81.14	37.93	3.45	0.114	77.16	41.38	3.45	0.144
11.5	59.26	5.56	0.189	1.91	98.15	81.48	0.874
71.57	57.14	32.14	0.412	55.5	71.43	53.57	0.603
93.74	50.0	13.41	0.276	79.38	63.41	23.17	0.374
123.5	50.0	50.0	0.502	21.5	50.0	50.0	0.512
113.58	47.06	4.71	0.175	91.53	57.06	18.24	0.317
16.5	50.0	0.0	0.183	14.0	50.0	0.0	0.187
2699.54	50.0	50.0	0.5	843.36	51.99	50.25	0.51
1439.6	55.0	35.0	0.4	1439.55	55.0	35.0	0.408
123.21	43.21	5.57	0.162	41.97	60.8	24.56	0.371
21.12	51.59	5.56	0.177	5.42	85.71	42.86	0.572
233.89	53.7	22.22	0.315	205.59	53.7	24.07	0.343
1.38	100.0	69.23	0.833	1.38	100.0	69.23	0.833
167.94	36.67	5.0	0.155	127.38	40.0	10.0	0.202
112.3	50.0	20.63	0.325	45.18	57.5	31.88	0.415
97.94	23.36	2.34	0.094	73.36	42.52	12.15	0.215
490.94	19.29	4.5	0.098	481.41	20.42	4.98	0.107
1.42	100.0	65.38	0.814	1.42	100.0	65.38	0.814
16.23	40.91	4.55	0.167	11.09	63.64	4.55	0.231
235.76	25.0	4.41	0.137	231.99	30.88	8.82	0.169
151.5	50.0	50.0	0.503	37.0	50.0	50.0	0.509
53.43	50.0	38.1	0.446	30.45	61.9	45.24	0.523
259.5	50.0	50.0	0.501	108.5	50.0	50.0	0.502
340.67	50.0	50.0	0.503	288.88	58.33	54.17	0.553
477.99	9.57	0.72	0.037	471.9	12.32	3.35	0.067
402.38	50.0	43.75	0.466	352.91	53.13	50.0	0.512
255.0	28.95	7.89	0.159	251.95	34.21	10.53	0.191
127.06	47.06	17.65	0.262	123.03	47.06	20.59	0.295
76.88	46.15	23.08	0.301	71.54	53.85	23.08	0.313
372.13	46.56	20.61	0.302	106.49	51.15	34.35	0.405
80.76	51.32	25.0	0.347	41.59	72.37	39.47	0.504
70.45	50.0	50.0	0.504	13.9	80.0	55.0	0.602
18.38	50.0	18.75	0.277	15.44	68.75	25.0	0.375
124.19	46.15	7.69	0.203	119.35	50.0	7.69	0.22
518.08	50.0	48.34	0.491	40.13	57.95	50.0	0.536
144.95	36.99	10.27	0.209	137.56	50.68	21.92	0.299
338.38	30.0	11.0	0.172	315.46	30.5	11.5	0.181
10.0	50.0	50.0	0.527	5.5	83.33	50.0	0.557
106.28	50.0	22.22	0.327	99.97	52.78	30.56	0.399
236.72	50.0	34.62	0.422	176.96	52.56	35.9	0.436
140.35	50.0	20.0	0.297	136.65	55.0	25.0	0.341
259.57	37.4	4.02	0.138	121.27	49.86	20.5	0.306
480.32	45.54	29.62	0.352	84.42	75.0	44.27	0.547
261.01	30.98	5.43	0.138	255.97	34.24	7.07	0.155
161.77	38.46	5.77	0.143	155.65	42.31	7.69	0.161
267.35	45.21	7.01	0.18	75.62	56.68	29.79	0.399
352.68	27.27	13.64	0.179	350.73	31.82	22.73	0.259
12.0	75.0	0.0	0.28	11.86	75.0	0.0	0.293
194.76	37.5	5.83	0.172	191.27	41.67	15.0	0.25
103.75	44.05	2.98	0.169	88.95	55.36	17.26	0.299
104.05	50.0	17.5	0.278	93.25	52.5	25.0	0.342
613.49	50.0	47.15	0.485	55.99	51.9	49.37	0.509
116.87	11.33	1.21	0.053	23.23	65.31	22.74	0.369
371.39	44.44	0.0	0.088	367.72	44.44	0.0	0.097
308.06	50.0	14.52	0.255	306.53	51.61	32.26	0.389
203.4	21.15	1.92	0.087	202.25	21.15	5.77	0.111
249.02	39.06	6.25	0.162	201.46	44.69	14.06	0.234
126.31	31.25	6.25	0.13	122.38	37.5	6.25	0.141
494.09	33.12	8.44	0.159	487.98	35.06	9.74	0.173
267.17	66.67	50.0	0.518	255.67	66.67	50.0	0.536
202.36	50.0	31.82	0.418	189.59	63.64	31.82	0.466
23.5	22.38	1.9	0.094	1.85	99.05	74.29	0.834
208.3	51.65	17.58	0.308	174.41	74.18	47.25	0.563
19.96	54.17	29.17	0.418	1.0	100.0	100.0	1.0
19.85	23.5	0.0	0.086	1.32	99.57	87.18	0.916
14.38	30.77	0.0	0.098	3.35	100.0	15.38	0.424
188.41	45.45	40.91	0.427	177.82	54.55	40.91	0.45
16.84	43.75	18.75	0.312	8.19	78.13	43.75	0.549
34.94	38.89	11.11	0.201	29.44	55.56	16.67	0.265
9.57	66.67	1.67	0.179	2.37	98.33	65.0	0.766
23.13	50.0	0.0	0.199	4.5	100.0	37.5	0.503
59.03	30.64	3.83	0.119	52.83	41.28	7.45	0.179
71.25	0.0	0.0	0.015	70.5	0.0	0.0	0.015
31.82	46.0	12.0	0.239	25.08	60.0	22.0	0.338
106.33	50.0	33.33	0.36	80.17	50.0	33.33	0.361
149.77	36.36	13.64	0.241	148.82	36.36	22.73	0.289
94.02	50.0	15.12	0.295	70.43	66.28	41.86	0.506
43.75	56.25	21.88	0.317	31.5	56.25	28.13	0.374
178.36	48.91	47.83	0.486	12.8	83.7	48.91	0.565
26.36	35.71	14.29	0.203	25.43	35.71	14.29	0.211
6.84	87.5	58.33	0.666	6.84	87.5	58.33	0.666
427.82	50.0	50.0	0.501	16.0	64.88	51.19	0.556
7.81	78.18	1.82	0.205	5.4	89.09	8.18	0.33
232.31	45.91	8.33	0.224	127.59	58.18	30.76	0.399
14.81	76.92	15.38	0.313	12.35	88.46	26.92	0.446
193.14	50.0	45.26	0.472	51.27	69.71	49.64	0.566
130.0	50.0	50.0	0.502	21.38	50.0	50.0	0.512
73.33	66.67	33.33	0.418	17.0	66.67	33.33	0.452
43.19	46.15	11.54	0.21	39.69	61.54	15.38	0.291
54.73	43.33	3.33	0.123	39.19	82.5	50.0	0.608
212.17	50.0	50.0	0.501	17.86	59.78	50.0	0.541
1.75	100.0	50.0	0.708	1.75	100.0	50.0	0.708
150.7	44.76	17.74	0.27	83.25	54.84	29.03	0.38
396.7	50.0	16.67	0.283	391.6	50.0	16.67	0.289
18.58	46.15	3.85	0.202	13.46	53.85	26.92	0.37
13.1	62.9	4.84	0.201	7.18	75.81	20.97	0.405
19.09	17.65	0.0	0.068	5.0	94.12	8.82	0.326
58.43	39.71	7.35	0.173	51.69	70.59	23.53	0.362
91.79	46.43	10.71	0.23	84.43	50.0	17.86	0.294
554.38	23.53	7.35	0.121	548.29	23.53	7.35	0.129
83.22	29.61	2.63	0.105	58.91	43.75	10.86	0.208
101.12	33.36	4.82	0.129	60.8	51.13	20.63	0.308
33.31	44.33	7.73	0.179	25.98	56.19	14.43	0.271
27.95	59.09	20.45	0.318	26.05	59.09	29.55	0.392
91.19	39.66	5.17	0.169	74.17	51.72	17.24	0.277
36.5	33.33	0.0	0.096	33.67	33.33	0.0	0.099
126.94	37.25	7.84	0.158	78.19	45.1	14.05	0.247
27.25	0.0	0.0	0.037	23.0	0.0	0.0	0.046
47.21	42.51	3.29	0.134	13.96	70.06	29.04	0.434
45.17	8.75	0.0	0.046	19.07	42.5	3.75	0.148
41.92	14.15	0.94	0.063	13.89	48.11	7.55	0.205
203.04	25.0	4.7	0.111	182.67	29.32	7.14	0.142
17.84	50.0	12.5	0.302	1.0	100.0	100.0	1.0
41.87	52.17	15.22	0.26	14.09	67.39	28.26	0.42
14.04	38.46	0.0	0.091	2.46	100.0	15.38	0.49
50.35	40.32	19.35	0.263	12.37	53.23	29.03	0.371
33.47	51.32	21.05	0.343	4.59	89.47	73.68	0.799
26.29	27.78	0.79	0.097	8.04	80.16	20.63	0.391
40.14	27.13	3.68	0.118	10.46	74.03	31.01	0.443
14.19	43.75	0.0	0.149	3.56	87.5	37.5	0.591
154.33	50.0	50.0	0.505	41.0	50.0	50.0	0.509
68.39	50.0	50.0	0.504	8.89	90.91	86.36	0.884
114.17	30.0	7.5	0.153	112.67	37.5	12.5	0.19
231.4	37.27	17.27	0.239	220.69	40.0	17.27	0.248
212.29	42.86	42.86	0.433	141.93	42.86	42.86	0.444
448.06	50.0	26.92	0.361	423.45	55.13	32.05	0.409
708.41	31.25	15.63	0.193	707.56	31.25	15.63	0.194
205.56	33.33	5.56	0.142	204.89	33.33	5.56	0.156
59.04	50.52	8.33	0.225	21.45	89.58	57.81	0.686
165.78	50.0	37.86	0.433	35.32	58.57	40.0	0.468
487.02	28.72	9.04	0.153	467.8	29.79	9.04	0.155
176.78	50.0	11.11	0.243	167.44	50.0	11.11	0.243
388.04	31.41	11.54	0.19	370.12	33.33	11.54	0.193
34.0	58.82	20.59	0.339	28.47	73.53	32.35	0.482
16.19	58.62	12.07	0.261	11.19	74.14	34.48	0.471
355.98	42.63	17.73	0.268	299.85	46.41	21.51	0.306
713.19	50.94	50.0	0.504	507.9	55.66	53.77	0.544
173.52	35.42	8.33	0.17	171.77	39.58	14.58	0.226
1271.15	49.89	45.18	0.476	86.95	76.03	53.1	0.611
360.27	51.02	27.55	0.353	218.82	57.14	36.22	0.434
883.64	47.47	35.63	0.404	125.7	54.96	41.09	0.462
808.97	20.0	7.35	0.119	789.28	20.59	7.35	0.12
788.08	20.66	4.43	0.098	757.02	21.64	7.38	0.122
536.7	43.52	9.12	0.194	182.82	53.81	29.6	0.384
570.22	46.46	20.47	0.291	497.76	48.82	22.05	0.308
81.57	28.57	0.0	0.111	81.14	28.57	7.14	0.154
722.13	20.0	2.86	0.077	720.17	20.0	2.86	0.078
250.38	0.0	0.0	0.009	250.13	0.0	0.0	0.009
1380.28	50.0	43.79	0.469	277.33	50.87	47.54	0.494
322.62	26.92	7.69	0.153	320.15	30.77	7.69	0.159
1421.39	5.56	0.0	0.052	1417.06	16.67	0.0	0.057
350.45	50.0	0.0	0.126	69.4	50.0	30.0	0.404
347.21	50.0	0.0	0.127	70.83	50.0	20.83	0.358
792.94	37.5	3.13	0.163	789.78	46.88	9.38	0.217
12.45	55.81	5.81	0.19	2.37	100.0	46.51	0.644
105.18	21.51	8.14	0.138	89.69	26.74	9.88	0.165
291.15	50.0	35.29	0.395	273.85	76.47	61.76	0.649
47.94	53.13	43.75	0.476	35.25	78.13	59.38	0.645
28.21	44.05	4.76	0.161	22.13	58.33	8.33	0.239
126.95	50.0	4.55	0.16	30.09	70.45	29.55	0.414
144.38	44.16	11.04	0.214	85.84	47.4	19.48	0.279
30.0	0.0	0.0	0.056	10.5	50.0	0.0	0.154
25.5	33.33	0.0	0.064	11.83	83.33	0.0	0.31
17.0	50.0	16.67	0.27	2.83	100.0	33.33	0.561
26.25	50.0	25.0	0.385	8.75	50.0	25.0	0.407
137.46	52.83	48.11	0.499	47.0	89.62	72.64	0.782
155.1	10.38	1.89	0.053	154.7	10.38	1.89	0.054
196.0	40.91	40.91	0.421	178.55	81.82	81.82	0.818
140.99	38.24	1.47	0.133	137.07	51.47	10.29	0.24
22.98	39.17	0.0	0.085	1.06	100.0	95.83	0.977
21.45	50.0	7.5	0.279	1.63	100.0	57.5	0.759
489.5	42.86	35.71	0.409	478.79	64.29	50.0	0.547
70.52	40.38	3.85	0.177	63.13	44.23	13.46	0.245
147.64	40.91	36.36	0.398	138.82	50.0	36.36	0.412
151.32	50.0	50.0	0.502	61.02	61.36	50.0	0.531
31.38	25.0	0.0	0.065	25.75	25.0	0.0	0.083
86.31	50.0	35.94	0.425	11.44	81.25	42.19	0.563
35.22	41.49	4.79	0.16	16.31	69.15	29.79	0.419
103.15	52.08	50.0	0.506	3.46	97.92	52.08	0.621
392.5	0.0	0.0	0.005	392.5	0.0	0.0	0.005
633.77	20.88	3.85	0.098	629.77	24.73	8.79	0.146
67.59	50.0	50.0	0.505	15.05	81.82	59.09	0.656
57.72	27.78	16.67	0.222	52.28	27.78	22.22	0.266
14.83	55.56	0.0	0.128	9.94	66.67	5.56	0.246
15.45	31.82	0.0	0.083	3.59	100.0	4.55	0.351
44.38	54.17	37.5	0.426	7.27	79.17	50.0	0.575
705.22	50.0	50.0	0.501	500.13	56.0	50.0	0.527
