20.18	62.5	45.0	0.548	1.43	100.0	72.5	0.849
22.83	50.0	3.33	0.195	9.83	73.33	50.0	0.582
107.96	19.52	0.52	0.062	55.71	50.06	8.92	0.218
338.84	26.96	3.0	0.103	324.26	42.63	8.76	0.189
34.58	12.54	0.15	0.057	2.07	98.14	70.43	0.801
96.65	35.17	4.89	0.15	82.56	51.74	23.97	0.329
103.66	42.98	7.85	0.186	97.69	51.65	22.31	0.332
22.09	50.0	0.0	0.148	17.63	78.13	0.0	0.31
112.16	25.45	1.64	0.085	75.11	48.13	10.07	0.219
36.37	24.07	0.0	0.072	23.82	77.8	0.0	0.216
150.32	25.76	2.65	0.09	144.2	36.74	7.58	0.173
42.28	28.05	0.0	0.081	35.91	69.51	0.0	0.197
62.7	19.49	0.85	0.067	48.29	41.95	5.08	0.15
91.48	39.58	4.17	0.135	88.79	50.0	6.25	0.19
20.8	0.0	0.0	0.056	9.25	90.0	0.0	0.236
629.41	48.15	44.44	0.458	604.0	55.56	46.3	0.498
52.58	50.0	30.21	0.388	18.04	71.88	55.21	0.618
80.1	50.0	50.0	0.503	1.43	100.0	70.0	0.837
114.48	42.0	38.0	0.408	50.28	84.0	38.0	0.509
433.13	37.5	18.75	0.249	403.56	37.5	18.75	0.261
181.64	50.0	10.71	0.271	95.82	53.57	10.71	0.275
27.29	57.14	14.29	0.262	17.64	57.14	14.29	0.273
2014.13	32.5	2.5	0.115	2011.45	40.0	10.0	0.202
533.09	50.0	27.27	0.388	499.36	50.0	36.36	0.435
11.33	16.67	0.0	0.089	2.83	100.0	16.67	0.444
16.7	50.0	50.0	0.516	2.7	90.0	80.0	0.827
18.67	6.1	0.0	0.059	3.95	96.34	20.73	0.44
23.24	50.0	0.0	0.124	1.4	100.0	71.43	0.842
309.0	0.0	0.0	0.004	309.0	0.0	0.0	0.004
389.41	0.0	0.0	0.013	387.36	0.0	0.0	0.014
376.98	14.06	0.0	0.037	373.84	23.44	0.0	0.045
154.5	27.42	0.0	0.068	147.53	30.65	1.61	0.099
11.17	33.33	0.0	0.09	3.0	100.0	0.0	0.361
53.3	50.0	22.5	0.364	18.23	67.5	47.5	0.575
36.45	52.38	21.43	0.323	4.24	85.71	61.9	0.705
31.61	47.37	13.16	0.242	15.07	68.42	32.89	0.456
422.31	50.0	47.5	0.49	260.18	53.33	47.5	0.498
80.98	22.41	3.45	0.109	76.0	36.21	8.62	0.172
16.83	35.19	0.0	0.09	1.85	98.15	85.19	0.896
88.68	50.0	32.14	0.401	67.57	67.86	50.0	0.556
424.44	43.9	8.54	0.221	408.72	54.88	28.05	0.368
113.0	50.0	50.0	0.502	12.0	50.0	50.0	0.522
194.44	42.94	2.35	0.133	169.45	57.65	17.06	0.311
26.5	50.0	0.0	0.094	24.0	50.0	0.0	0.095
2728.73	50.0	50.0	0.5	1315.81	50.5	50.0	0.502
2364.65	70.0	50.0	0.592	2364.6	70.0	50.0	0.6
135.31	40.94	2.09	0.114	39.05	65.16	33.97	0.443
27.98	46.03	1.59	0.112	6.6	84.13	44.44	0.579
209.22	50.0	20.37	0.296	177.74	55.56	27.78	0.371
1.0	100.0	100.0	1.0	1.0	100.0	100.0	1.0
166.23	43.89	0.56	0.128	122.39	46.11	10.56	0.216
122.26	49.38	17.5	0.3	52.71	58.13	31.25	0.407
96.48	14.17	0.47	0.054	59.83	43.61	14.33	0.233
478.4	19.94	2.57	0.083	467.27	22.03	6.59	0.115
1.0	100.0	100.0	1.0	1.0	100.0	100.0	1.0
20.55	27.27	0.0	0.075	12.59	54.55	0.0	0.164
176.78	32.35	7.35	0.16	171.81	36.76	13.24	0.206
159.0	50.0	50.0	0.503	44.2	50.0	50.0	0.508
56.26	50.0	28.57	0.395	25.02	69.05	45.24	0.528
294.0	50.0	50.0	0.501	143.0	50.0	50.0	0.502
422.25	50.0	50.0	0.502	366.33	58.33	50.0	0.516
408.95	6.76	0.42	0.029	401.72	13.7	3.35	0.071
507.28	50.0	43.75	0.459	456.88	56.25	46.88	0.494
189.21	31.58	2.63	0.111	185.71	34.21	2.63	0.135
117.44	38.24	0.0	0.12	112.71	44.12	0.0	0.142
51.42	46.15	15.38	0.239	45.27	57.69	15.38	0.255
346.07	46.56	23.66	0.318	112.3	52.29	34.35	0.409
90.61	51.32	18.42	0.308	49.49	68.42	40.79	0.523
114.05	50.0	50.0	0.503	52.65	50.0	50.0	0.513
28.0	56.25	6.25	0.196	23.63	62.5	37.5	0.464
246.38	46.15	3.85	0.124	240.62	50.0	3.85	0.159
492.51	50.33	47.68	0.49	40.18	62.58	51.66	0.552
139.13	32.88	2.05	0.121	130.97	50.68	6.16	0.203
287.56	28.0	9.0	0.159	265.02	31.5	12.5	0.185
8.17	50.0	33.33	0.423	3.67	100.0	33.33	0.478
151.83	44.44	22.22	0.304	144.19	55.56	27.78	0.361
239.55	51.28	41.03	0.457	172.95	58.97	42.31	0.483
126.7	45.0	5.0	0.177	122.55	50.0	10.0	0.225
261.57	36.15	1.73	0.104	120.85	49.45	19.11	0.292
478.56	45.86	23.25	0.306	92.05	69.75	37.58	0.492
191.33	25.54	1.63	0.093	185.33	30.43	5.43	0.134
174.42	28.85	3.85	0.097	167.08	34.62	3.85	0.114
314.42	42.24	1.49	0.109	85.12	55.12	26.24	0.371
275.59	31.82	13.64	0.171	273.18	31.82	18.18	0.253
5.42	88.89	0.0	0.295	5.28	88.89	0.0	0.307
189.03	38.33	4.17	0.147	184.65	50.83	10.0	0.233
91.61	38.1	5.36	0.173	74.51	57.74	22.02	0.342
81.7	52.5	15.0	0.258	67.38	57.5	25.0	0.353
609.14	50.0	43.35	0.463	56.31	50.95	46.52	0.491
149.61	2.42	0.76	0.028	23.28	63.72	16.55	0.316
334.56	27.78	0.0	0.109	330.67	27.78	0.0	0.12
180.0	38.71	8.06	0.167	177.66	45.16	20.97	0.297
269.98	26.92	1.92	0.084	268.77	26.92	3.85	0.101
244.52	38.13	3.44	0.138	194.58	47.19	10.0	0.218
62.13	43.75	6.25	0.129	58.0	50.0	6.25	0.147
660.37	33.77	9.74	0.169	652.61	37.01	14.29	0.214
231.5	50.0	50.0	0.506	212.33	66.67	50.0	0.585
163.91	50.0	27.27	0.393	147.95	63.64	27.27	0.458
33.9	2.86	0.0	0.042	1.96	100.0	70.0	0.795
113.86	48.9	10.99	0.256	76.71	71.43	38.46	0.504
22.33	54.17	12.5	0.324	1.0	100.0	100.0	1.0
26.44	9.4	0.0	0.051	1.67	98.72	82.91	0.889
18.27	7.69	0.0	0.067	4.12	100.0	7.69	0.322
292.73	45.45	36.36	0.411	281.0	54.55	36.36	0.453
16.78	46.88	6.25	0.242	6.5	81.25	43.75	0.566
241.72	27.78	5.56	0.132	236.06	44.44	11.11	0.213
11.7	51.67	0.0	0.148	1.6	98.33	81.67	0.881
24.0	50.0	0.0	0.167	4.38	100.0	37.5	0.486
54.36	20.43	0.21	0.068	45.96	40.85	0.21	0.138
19.75	50.0	0.0	0.093	19.0	50.0	0.0	0.093
35.24	44.0	10.0	0.201	27.58	52.0	24.0	0.335
117.0	66.67	16.67	0.293	90.67	66.67	16.67	0.294
686.09	27.27	0.0	0.078	684.86	36.36	0.0	0.094
60.85	50.0	5.81	0.228	30.73	66.28	38.37	0.499
64.44	50.0	15.63	0.261	51.38	50.0	28.13	0.354
229.7	48.91	41.3	0.451	64.07	50.0	41.3	0.465
47.36	28.57	0.0	0.134	46.43	35.71	0.0	0.138
1.0	100.0	100.0	1.0	1.0	100.0	100.0	1.0
492.9	50.0	50.0	0.501	101.7	57.14	50.0	0.525
21.14	53.64	0.0	0.115	18.43	63.64	0.0	0.177
388.94	42.42	4.85	0.167	287.07	51.82	19.09	0.303
21.92	69.23	15.38	0.322	19.08	76.92	50.0	0.594
336.28	50.0	41.61	0.452	200.84	63.14	43.8	0.507
128.13	50.0	50.0	0.502	19.75	50.0	50.0	0.513
76.33	66.67	50.0	0.557	18.83	66.67	50.0	0.59
35.46	34.62	0.0	0.07	31.0	53.85	0.0	0.11
43.32	21.67	0.0	0.077	22.96	78.33	39.17	0.532
225.8	50.0	50.0	0.501	34.68	61.96	50.0	0.525
1.0	100.0	100.0	1.0	1.0	100.0	100.0	1.0
171.69	41.53	9.27	0.2	102.51	52.82	20.56	0.324
441.3	40.0	16.67	0.265	434.77	50.0	30.0	0.378
23.38	38.46	0.0	0.128	15.92	53.85	11.54	0.269
20.9	45.16	0.0	0.101	11.97	72.58	14.52	0.319
27.21	2.94	0.0	0.047	9.03	79.41	0.0	0.213
234.15	32.35	0.0	0.108	225.99	66.18	19.12	0.331
130.43	32.14	3.57	0.131	120.11	35.71	3.57	0.149
341.94	29.41	2.94	0.125	335.81	32.35	5.88	0.154
101.39	18.42	0.66	0.06	69.99	35.2	5.92	0.151
105.88	25.83	0.68	0.072	58.36	52.11	21.39	0.318
45.44	36.08	0.0	0.098	36.75	52.06	1.03	0.179
21.66	68.18	4.55	0.283	19.25	75.0	9.09	0.369
95.41	31.03	1.72	0.114	75.02	50.0	8.62	0.225
28.5	33.33	0.0	0.094	25.17	33.33	8.33	0.191
141.39	30.07	1.63	0.099	85.03	42.81	12.42	0.223
57.25	0.0	0.0	0.018	53.0	0.0	0.0	0.019
58.3	30.84	0.9	0.074	13.76	69.76	26.35	0.415
56.75	0.0	0.0	0.024	23.61	28.75	2.5	0.11
61.69	0.0	0.0	0.02	18.75	32.08	0.94	0.099
236.69	24.25	1.13	0.077	210.48	35.53	8.08	0.163
19.19	50.0	0.0	0.228	1.0	100.0	100.0	1.0
51.41	50.0	10.87	0.217	16.02	67.39	26.09	0.391
21.62	0.0	0.0	0.049	3.85	100.0	0.0	0.298
58.11	33.87	12.9	0.204	14.87	50.0	24.19	0.335
43.47	50.0	0.0	0.202	5.63	88.16	65.79	0.748
33.67	15.08	0.0	0.057	8.87	79.37	13.49	0.328
51.78	14.53	0.0	0.053	10.44	72.87	27.71	0.415
21.31	25.0	0.0	0.071	4.63	87.5	37.5	0.532
168.5	50.0	50.0	0.505	53.83	50.0	50.0	0.509
76.27	50.0	50.0	0.504	12.55	90.91	81.82	0.864
58.45	30.0	0.0	0.124	56.52	32.5	0.0	0.143
275.48	40.91	10.0	0.202	265.0	43.64	10.91	0.217
220.36	42.86	42.86	0.431	150.79	42.86	42.86	0.447
310.55	50.0	14.1	0.27	286.27	56.41	15.38	0.3
127.25	46.88	9.38	0.197	126.28	46.88	12.5	0.224
829.5	38.89	11.11	0.195	828.83	38.89	16.67	0.258
54.38	50.0	6.25	0.186	9.52	87.5	48.44	0.626
167.09	50.0	37.86	0.429	46.04	54.29	41.43	0.47
680.46	29.26	4.26	0.12	658.74	30.85	5.32	0.133
171.61	50.0	11.11	0.226	161.83	50.0	11.11	0.226
568.6	29.49	10.26	0.165	550.17	30.13	10.26	0.168
32.76	50.0	17.65	0.309	26.32	73.53	41.18	0.51
30.26	56.9	3.45	0.186	24.1	67.24	31.03	0.45
373.07	40.84	14.54	0.24	319.46	46.41	19.92	0.292
517.85	50.0	49.06	0.497	336.06	59.43	51.89	0.539
187.52	33.33	6.25	0.138	185.46	37.5	10.42	0.198
1115.91	49.77	44.72	0.473	226.21	55.16	47.02	0.509
369.33	52.04	29.08	0.361	255.09	57.14	39.29	0.455
727.51	48.79	35.53	0.41	174.85	54.25	42.11	0.473
840.6	21.47	5.0	0.104	821.39	22.06	5.59	0.11
563.74	20.82	1.97	0.084	534.19	22.79	6.39	0.121
478.03	44.01	9.38	0.195	190.77	56.45	29.41	0.388
473.43	46.06	19.69	0.284	405.69	48.03	22.44	0.309
179.07	35.71	0.0	0.1	178.64	35.71	0.0	0.124
428.89	15.71	1.43	0.075	426.46	17.14	2.86	0.083
797.5	0.0	0.0	0.006	797.25	0.0	0.0	0.006
1050.3	50.0	38.73	0.444	254.46	51.88	43.5	0.476
2190.46	19.23	0.0	0.075	2187.88	19.23	0.0	0.078
90.0	16.67	0.0	0.049	85.72	16.67	0.0	0.053
341.05	50.0	0.0	0.123	58.0	50.0	30.0	0.406
333.38	50.0	0.0	0.124	56.04	50.0	16.67	0.338
50.78	40.63	6.25	0.186	47.5	43.75	12.5	0.234
15.5	50.0	0.0	0.111	2.3	100.0	41.86	0.629
89.02	18.02	3.49	0.092	70.98	30.81	9.3	0.162
194.79	47.06	32.35	0.383	176.47	76.47	64.71	0.692
40.34	53.13	43.75	0.48	27.28	87.5	65.63	0.733
28.43	41.67	0.0	0.124	20.2	65.48	8.33	0.24
126.82	40.91	0.0	0.107	28.11	68.18	18.18	0.328
141.5	46.75	2.6	0.17	81.97	47.4	16.88	0.285
33.5	0.0	0.0	0.054	13.5	50.0	0.0	0.147
36.67	0.0	0.0	0.045	15.83	66.67	0.0	0.196
22.33	50.0	0.0	0.117	3.67	100.0	16.67	0.422
25.25	50.0	0.0	0.219	7.25	50.0	25.0	0.414
114.21	50.0	49.06	0.499	21.57	81.13	64.15	0.694
275.52	6.6	0.94	0.042	275.11	6.6	0.94	0.044
2657.27	40.91	40.91	0.42	2639.45	81.82	81.82	0.818
104.0	32.35	0.0	0.102	99.43	48.53	7.35	0.202
28.93	17.5	0.0	0.059	1.06	100.0	95.83	0.977
26.05	50.0	0.0	0.231	1.93	100.0	55.0	0.717
426.5	50.0	28.57	0.37	410.71	64.29	42.86	0.486
320.1	48.08	1.92	0.146	312.15	51.92	9.62	0.218
161.86	40.91	18.18	0.277	151.77	54.55	22.73	0.339
168.2	50.0	50.0	0.502	77.5	56.82	50.0	0.534
33.88	37.5	0.0	0.09	28.25	50.0	0.0	0.146
128.16	51.56	46.88	0.492	53.25	73.44	51.56	0.581
36.05	35.11	1.06	0.121	15.03	70.74	34.57	0.461
99.67	52.08	41.67	0.457	4.58	95.83	54.17	0.665
670.5	0.0	0.0	0.004	670.5	0.0	0.0	0.004
255.19	22.53	2.2	0.092	250.54	29.12	7.69	0.156
69.5	50.0	50.0	0.504	14.86	77.27	72.73	0.758
151.0	33.33	5.56	0.148	143.89	38.89	16.67	0.225
16.5	55.56	0.0	0.12	10.78	55.56	0.0	0.231
22.18	0.0	0.0	0.047	5.5	100.0	0.0	0.204
54.75	50.0	31.25	0.385	6.63	72.92	52.08	0.612
1292.01	50.0	32.0	0.401	1118.86	54.0	32.0	0.428
