/award/award_category/category_of	20	792.23	40	37.5	38.85	772.55	72.5	62.5	65.7	389.75	40	37.5	39.94	372.6	75	62.5	66.55	1192.67	42.5	40	42.23	1176.17	72.5	70	71.61	285.07	37.5	37.5	38.51	264.4	75	65	70.12	15.65	67.5	50	56.76	3.05	95	65	76.49	75
/award/award_category/disciplines_or_subjects	15	187.1	46.67	0	14.99	174.83	63.33	40	49.12	249.2	43.33	0	11.78	236.3	60	30	42.62	139.1	43.33	6.67	19.43	127.7	56.67	30	41.94	26.27	50	3.33	19.93	12.8	76.67	56.67	63.55	44.4	43.33	3.33	20.56	34.87	60	20	33.9	73.33
/award/award_category/nominees./award/award_nomination/nominated_for	858	214.4	11.89	0.7	4.74	153.72	34.91	5.54	14.71	209.3	10.9	0.17	3.96	148.09	32.58	4.31	13.12	192.89	12.59	0.41	4.51	133.35	34.09	7.28	15.62	147.08	15.97	0.17	4.97	87	46.85	8.45	20.34	135.74	20.92	2.33	8.54	94.52	36.36	7.11	16.49	30.19
/award/award_category/winners./award/award_honor/award_winner	217	579.83	16.13	1.38	6.12	564.51	24.88	3.69	10.16	461.91	11.75	0.92	5.08	446.61	20.74	3.23	8.57	571.26	15.9	0.92	6.43	556.12	26.04	4.84	11.68	357	24.19	2.07	8.6	341.65	37.56	5.99	15.31	252.2	24.88	4.38	11.01	239.91	31.57	5.99	14.21	38.02
/award/award_category/winners./award/award_honor/ceremony	323	33.89	15.48	1.08	7.37	3.78	93.34	48.76	63.88	33.06	19.97	2.01	8.86	3.74	94.74	51.39	66.35	31.77	20.12	2.01	8.88	3.03	95.36	54.33	68.81	37.1	9.29	0	5.11	2.36	97.83	61.61	74.42	30.23	27.86	2.17	10.55	8.47	86.22	33.44	49.97	95.67
/award/award_ceremony/awards_presented./award/award_honor/award_winner	317	407.06	19.72	3	8.78	391.44	26.34	9.15	15.66	499.97	16.72	1.89	7	484.34	23.66	5.84	11.84	450.34	17.19	2.68	7.93	434.58	23.82	8.36	13.74	221.98	29.97	4.1	12.16	206.12	45.27	17.67	26.32	197.42	28.39	5.52	12.85	185.45	33.12	9.62	16.86	59.78
/award/award_ceremony/awards_presented./award/award_honor/honored_for	121	519.21	16.53	0.83	6.05	512.61	21.9	4.13	10.16	411.78	16.94	1.65	6.82	405.44	23.14	5.79	11.67	395.73	12.81	0.83	5.26	389.44	16.94	2.89	8.24	286.05	23.14	2.89	9.71	279.5	31.82	13.64	20.78	215.69	20.66	1.65	8.74	210.71	23.55	3.72	10.87	64.46
/award/award_nominated_work/award_nominations./award/award_nomination/nominated_for	16	209.44	28.13	0	7.9	205.03	53.13	3.13	22.59	278.75	43.75	0	10.17	274.53	62.5	12.5	31.57	51.97	53.13	0	11.23	47.69	71.88	3.13	27.36	40.84	50	0	13.54	36.28	81.25	3.13	31.49	107.41	21.88	0	7.94	103.06	53.13	0	12.44	93.75
/award/award_nominee/award_nominations./award/award_nomination/award	1067	295.39	13.4	0.7	5.16	252.56	29.05	4.36	12.16	333.15	12.89	0.75	4.89	290.16	28.16	3.7	11.34	263.37	14.85	1.08	5.67	220.68	28.58	5.58	13.13	182.52	22.12	1.27	7.31	139.61	42.22	10.31	20.36	172.27	25.77	4.5	11.1	140.72	36.6	10.22	18.54	32.29
/award/award_nominee/award_nominations./award/award_nomination/award_nominee	214	125.97	19.63	0.23	6.54	113.72	62.62	1.4	18.12	110.51	14.49	0	5.3	97.95	57.24	1.17	16.04	112.8	17.52	0.93	6.79	100.4	65.65	2.34	18.07	137.39	16.59	0	5.93	124.61	68.46	1.4	18.16	78.08	23.13	0	7.57	68.34	48.36	0	15.41	50.47
/award/award_nominee/award_nominations./award/award_nomination/nominated_for	132	882.17	10.61	1.52	4.85	875.76	16.67	4.17	8.75	893.25	10.61	2.65	5.92	886.96	18.18	6.44	9.82	901.41	9.47	1.52	4.19	895.11	13.64	3.79	7.31	338.23	14.02	1.89	6.56	331.89	26.14	3.41	10.87	303.18	16.29	3.41	7.62	297.69	18.56	5.68	10.37	29.55
/award/award_winner/awards_won./award/award_honor/award_winner	41	392.21	32.93	0	9.43	386.21	74.39	3.66	23.49	276.07	30.49	0	8.38	269.82	57.32	7.32	22.3	449.29	24.39	0	7.66	442.93	63.41	6.1	20.81	149.72	23.17	1.22	7.75	143.21	54.88	3.66	15.6	328.02	8.54	0	4.01	321.96	29.27	0	7.37	67.07
/award/award_winning_work/awards_won./award/award_honor/award	118	208.31	12.71	0.85	5.01	193.4	21.61	1.69	8.93	158	15.25	1.69	6.05	143.35	30.08	3.81	11.33	152.5	20.34	2.12	7.49	138.07	30.51	8.9	15.31	93.43	13.14	0.42	5.03	78.37	28.39	2.97	10.4	101.39	20.34	2.54	8.52	91.28	25	5.51	12.75	51.69
/award/award_winning_work/awards_won./award/award_honor/award_winner	24	836.42	18.75	0	4.38	833.69	20.83	0	6.1	703.46	10.42	0	3.53	700.73	12.5	0	4.39	1333.69	16.67	4.17	8.19	1331.08	25	4.17	9.5	93.63	16.67	0	6.15	90.92	27.08	0	8.45	215.9	12.5	4.17	7.65	213.6	12.5	6.25	9.51	54.17
/award/award_winning_work/awards_won./award/award_honor/honored_for	10	51.45	30	0	9.62	42.1	90	5	32.78	197.85	10	0	6.33	186.8	90	5	31.09	62.4	10	0	7.24	51.4	90	5	32.19	33.2	0	0	5.25	21.25	90	5	27.06	18.55	15	0	7	9.55	90	0	24.61	95
/award/hall_of_fame/inductees./award/hall_of_fame_induction/inductee	27	941.78	37.04	22.22	27.58	913.31	40.74	22.22	29.2	855.46	38.89	27.78	31.92	826.87	42.59	27.78	33.74	631.17	38.89	25.93	31.2	602.57	38.89	25.93	31.43	369.81	50	42.59	44.75	342.22	57.41	46.3	49.58	296.37	50	31.48	38.46	272.8	51.85	35.19	42.04	50
/award/ranked_item/appears_in_ranked_lists./award/ranking/list	48	105.31	48.96	23.96	33.91	67.11	66.67	42.71	50.03	139.51	51.04	25	34.88	103.81	68.75	47.92	55.34	84.21	48.96	27.08	36.71	46.53	70.83	46.88	54.33	85.86	50	28.13	37.16	47.24	67.71	50	57.07	54.42	53.13	28.13	39.12	28.92	69.79	46.88	54.07	67.71
/base/aareas/schema/administrative_area/administrative_area_type	20	72.13	50	50	50.58	1.63	97.5	82.5	87.71	83.88	50	50	50.34	2.35	97.5	75	81.35	83.85	50	50	50.32	2.15	97.5	57.5	74.63	84.38	50	50	50.3	1.85	100	67.5	78.08	49.73	50	50	50.71	3.08	97.5	52.5	66.82	77.5
/base/aareas/schema/administrative_area/administrative_parent	25	851.46	44	32	37.52	786.56	84	36	53.48	660.22	46	36	40.3	600.5	84	48	57.11	589.26	42	28	32.03	524.58	72	28	42.15	143.38	42	42	42.68	73.42	82	66	71.03	113.44	42	38	40.53	64.94	78	54	61.33	70
/base/americancomedy/celebrity_impressionist/celebrities_impersonated	8	1339.75	31.25	25	26.69	1309.63	31.25	25	27.27	2128.63	18.75	6.25	10.18	2098.06	18.75	6.25	10.71	821.31	18.75	12.5	16.36	790.63	18.75	12.5	16.42	453.81	50	31.25	34.73	424.06	50	31.25	35.38	666.19	31.25	25	28.51	637.63	31.25	25	28.62	43.75
/base/biblioness/bibs_location/country	14	488.89	35.71	14.29	22.51	400.54	35.71	14.29	22.55	945.36	39.29	10.71	20.01	857.07	39.29	10.71	20.07	737.75	42.86	14.29	25.16	649.36	42.86	14.29	25.22	232.29	50	35.71	40.84	143.96	50	35.71	40.97	245.96	32.14	17.86	23.17	158.07	32.14	17.86	23.26	57.14
/base/biblioness/bibs_location/state	7	255.07	21.43	14.29	15.76	246	28.57	21.43	22.93	838.29	14.29	7.14	12.09	828.57	28.57	7.14	13.77	277.21	28.57	14.29	20.98	267.29	35.71	14.29	22.44	73.29	35.71	14.29	25.43	63.29	35.71	14.29	25.79	61.36	42.86	7.14	17.29	52.43	42.86	7.14	17.68	78.57
/base/culturalevent/event/entity_involved	20	2669.75	22.5	0	5.85	2666.88	30	7.5	13.34	2197.25	17.5	0	4.44	2194.43	17.5	7.5	11.25	2030.88	15	0	4.43	2028.03	20	2.5	9.33	477.3	40	5	14.38	474.48	47.5	12.5	25.04	698.75	5	0	2.56	696.02	7.5	0	2.96	22.5
/base/eating/practicer_of_diet/diet	11	804.18	31.82	13.64	21.99	768.91	36.36	22.73	27.92	1206.32	27.27	9.09	15.75	1170.91	31.82	13.64	18.89	976.86	31.82	22.73	27.98	941.32	31.82	27.27	30.33	977.27	50	22.73	36.59	941.27	54.55	31.82	41.67	662.27	50	36.36	43.34	627.5	50	40.91	45.66	50
/base/localfood/seasonal_month/produce_available./base/localfood/produce_availability/seasonal_months	3	9.5	50	0	12.27	2.67	100	16.67	47.22	9	50	0	12.22	2.5	100	16.67	48.61	7.33	100	0	18.89	1.83	100	33.33	63.89	11.5	0	0	8.71	2.83	100	0	37.5	7.83	83.33	0	15.62	2.67	100	0	40.28	100
/base/locations/continents/countries_within	5	42.6	50	40	46.02	27	60	40	51.32	28.5	50	40	43.49	11.8	80	40	47.45	28.4	50	30	41.14	12.7	80	40	57.86	22.7	50	50	51.42	7.5	80	50	56.86	40.8	50	30	37.89	25.8	60	30	40.36	90
/base/marchmadness/ncaa_basketball_tournament/seeds./base/marchmadness/ncaa_tournament_seed/team	41	18.22	6.1	0	6.05	4.46	96.34	8.54	33.2	17.29	14.63	0	7.15	4.21	96.34	14.63	38.29	17.95	8.54	0	6.51	4.57	96.34	8.54	32.28	20.01	2.44	0	5.41	4.29	92.68	18.29	41.36	15.3	29.27	2.44	12.43	4.78	93.9	18.29	37.83	96.34
/base/petbreeds/city_with_dogs/top_breeds./base/petbreeds/dog_city_relationship/dog_breed	21	23.24	50	0	12.67	1.64	100	73.81	82.94	22.48	50	0	13.68	1.74	100	61.9	76.13	22.55	52.38	0	13.76	1.5	100	71.43	83.02	24.52	50	0	11.81	1.74	97.62	71.43	82.52	18.6	66.67	9.52	27.05	4.64	88.1	64.29	71.31	100
/base/popstra/celebrity/canoodled./base/popstra/canoodled/participant	1	93	0	0	2.48	93	0	0	2.48	788	0	0	0.14	788	0	0	0.14	173.5	0	0	0.6	173.5	0	0	0.6	144.5	0	0	0.73	144.5	0	0	0.73	802.5	0	0	0.13	802.5	0	0	0.13	0
/base/popstra/celebrity/dated./base/popstra/dated/participant	11	1025.09	0	0	0.22	1023.05	0	0	0.22	1401.5	0	0	0.19	1399.45	0	0	0.19	2209.18	0	0	0.34	2207.14	0	0	0.34	693.27	0	0	0.67	691.23	0	0	0.69	1817.82	0	0	0.2	1815.77	0	0	0.21	0
/base/popstra/celebrity/friendship./base/popstra/friendship/participant	32	2006.16	0	0	0.5	2003.02	0	0	0.53	3183.36	0	0	0.32	3180.22	0	0	0.33	2856.06	1.56	0	1.08	2852.92	3.13	1.56	2.2	1134.63	3.13	1.56	3.39	1131.44	3.13	1.56	3.45	1446.83	3.13	0	1.24	1443.86	4.69	0	1.4	7.81
/base/popstra/location/vacationers./base/popstra/vacation_choice/vacationer	31	1173.47	11.29	0	3.97	1166.13	12.9	1.61	5.31	1200.65	0	0	1.08	1193.05	4.84	0	1.21	798.48	4.84	0	2.03	791.1	8.06	0	2.65	312.13	12.9	3.23	6.56	304.73	16.13	3.23	7.47	296.44	19.35	3.23	7.93	290.92	19.35	3.23	8.82	25.81
/base/saturdaynightlive/snl_cast_member/seasons./base/saturdaynightlive/snl_season_tenure/cast_members	3	9.5	50	0	11.24	2.67	100	16.67	49.17	6.5	83.33	0	22.66	1.5	100	66.67	80.56	5	100	0	22.22	1.5	100	50	75	10.83	33.33	0	9.33	2.83	100	0	37.5	12.33	50	0	9.72	7.17	66.67	0	18.21	100
/base/schemastaging/organization_extra/phone_number./base/schemastaging/phone_sandbox/contact_category	20	59.67	50	17.5	31.71	20.52	62.5	30	44.3	66.67	50	12.5	30	30.15	62.5	37.5	47.36	67.95	50	10	28.69	30.77	70	35	47.81	362.73	45	17.5	31.01	323.7	52.5	40	46.17	80.4	50	25	35.77	53.45	65	40	50.7	70
/base/schemastaging/organization_extra/phone_number./base/schemastaging/phone_sandbox/service_language	21	64.05	50	21.43	31.68	25.52	69.05	40.48	51.07	43.36	54.76	23.81	32.92	6.05	80.95	47.62	58.48	58.83	50	16.67	26.76	20.74	61.9	30.95	43.15	46.19	52.38	26.19	34.69	5.79	88.1	54.76	64.77	39.83	52.38	30.95	36.49	11.86	66.67	33.33	44.01	90.48
/base/schemastaging/organization_extra/phone_number./base/schemastaging/phone_sandbox/service_location	38	65.86	32.89	6.58	15.18	47.78	46.05	14.47	24.32	66.16	28.95	9.21	15.72	48	42.11	10.53	21.6	78.26	35.53	10.53	16.9	59.71	48.68	13.16	23.51	95.43	43.42	11.84	21.48	77.17	59.21	25	37.71	45.89	39.47	11.84	22.92	31.12	51.32	18.42	28.98	39.47
/base/schemastaging/person_extra/net_worth./measurement_unit/dated_money_value/currency	60	730.12	45	32.5	37.1	484.87	46.67	34.17	38.99	668.53	45.83	35	38.95	423.11	48.33	35.83	40.64	667.31	45.83	30	35.63	419.99	50	30	37.63	575.14	50	49.17	49.65	327.5	55	49.17	51.3	455.07	49.17	39.17	43.76	252.64	50	39.17	44.36	50
/base/x2010fifaworldcupsouthafrica/world_cup_squad/current_world_cup_squad./base/x2010fifaworldcupsouthafrica/current_world_cup_squad/current_club	29	218.78	18.97	0	5.27	213.55	29.31	1.72	8.65	197.1	15.52	0	5.98	191.95	25.86	1.72	9.06	187.66	15.52	1.72	6.92	182.5	20.69	1.72	8.2	137.03	22.41	1.72	9.18	131.86	31.03	6.9	14.36	90.34	22.41	0	7.6	86.05	25.86	0	8.62	27.59
/baseball/baseball_team/team_stats./baseball/baseball_team_stats/season	27	14.46	44.44	3.7	13.15	2.26	100	50	68.82	15.2	44.44	0	10.35	1.94	100	59.26	74.86	15.3	40.74	0	10.01	2.35	98.15	46.3	67.43	17.3	40.74	0	8.94	1.76	96.3	83.33	88.89	12.11	59.26	1.85	16.13	2.17	98.15	66.67	78.1	96.3
/broadcast/content/artist	14	175.93	42.86	21.43	28.42	153.32	46.43	28.57	35.16	189.18	46.43	28.57	35.5	166.93	50	39.29	43.43	115.89	50	21.43	32.28	93.18	60.71	28.57	39.12	119.64	50	32.14	39.44	96.46	60.71	46.43	52.36	117.21	50	28.57	38.2	98.43	53.57	32.14	42.43	71.43
/business/business_operation/industry	41	518	32.93	2.44	13.78	500.94	42.68	15.85	23.11	441.23	26.83	2.44	11.97	424.46	35.37	15.85	21.59	373.96	30.49	2.44	14.52	357.26	43.9	18.29	26.98	140.48	43.9	9.76	23.04	123.43	53.66	29.27	38.39	70.67	37.8	12.2	22.57	56.46	40.24	19.51	27.47	63.41
/business/business_operation/revenue./measurement_unit/dated_money_value/currency	1	151	50	50	50.17	44.5	50	50	50.57	154	50	50	50.16	47	50	50	50.54	144.5	50	50	50.17	38	50	50	50.67	137	50	50	50.18	30.5	50	50	50.83	81	50	50	50.31	8.5	50	50	53.13	100
/business/job_title/people_with_this_title./business/employment_tenure/company	85	458.26	30.59	2.35	9.45	430.73	44.12	11.76	21.48	344.32	28.24	2.35	8.37	316.77	42.35	8.82	19.24	462.15	28.82	1.76	8.69	434.92	40.59	11.76	21.67	360.09	35.29	1.76	10.81	332.37	47.06	14.12	25.89	203.98	37.65	6.47	14.75	184.86	46.47	8.82	20.45	56.47
/celebrities/celebrity/celebrity_friends./celebrities/friendship/friend	1	2185.5	0	0	0.06	2183	0	0	0.06	32	0	0	4.01	29.5	0	0	4.13	713	0	0	0.14	710.5	0	0	0.15	43.5	50	0	10.61	41	50	0	10.65	27	50	0	9.38	24.5	50	0	9.5	0
/common/topic/webpage./common/webpage/category	402	3319.43	48.88	45.02	46.56	1321.51	50.12	45.02	46.89	3318.98	49.25	44.15	46.31	1320.63	50.37	44.15	46.78	3357.81	49.13	44.15	46	1362.55	49.38	44.15	46.24	3233.65	50	50	50.01	1244.77	50.62	50.12	50.32	3193.67	49.63	48.26	48.85	1200.38	50.5	48.26	49.16	47.01
/dataworld/gardening_hint/split_to	10	5571.65	20	10	13.35	5571.6	20	10	13.35	3430.05	50	30	37.44	3430	50	30	37.56	3295.4	30	30	30.05	3295.35	30	30	30.05	4024.7	0	0	0.28	4024.35	0	0	0.28	1969.6	70	50	58.51	1969.6	70	50	58.51	20
/education/educational_degree/people_with_this_degree./education/education/institution	287	191.26	25.26	0.7	7.24	77.77	49.48	8.36	20.6	185.17	25.78	1.22	7.74	71.85	51.57	9.41	21.67	192.93	25.96	1.74	8.28	79.51	51.92	11.85	23.68	182.88	34.49	1.57	9.72	67.63	56.97	21.43	32.9	127.22	41.99	6.62	17.58	53.84	59.23	25.61	37.17	61.5
/education/educational_degree/people_with_this_degree./education/education/major_field_of_study	63	35.11	37.3	0	9.86	14.33	75.4	14.29	31.2	37.02	38.1	2.38	11.01	15.76	73.02	17.46	33.83	30.3	39.68	4.76	13.4	10.1	73.02	23.02	37.86	36.6	41.27	0	8.98	12.48	78.57	31.75	46.63	26.21	49.21	3.17	15.79	11.27	71.43	25.4	40.33	84.92
/education/educational_degree/people_with_this_degree./education/education/student	27	634.52	29.63	1.85	8.82	599.31	31.48	3.7	10.98	814.39	25.93	3.7	10.14	780.19	25.93	5.56	12.65	691.83	33.33	3.7	9.81	656.98	35.19	3.7	11.37	335.43	46.3	22.22	30.16	302.44	48.15	27.78	35.18	265.52	40.74	9.26	18.84	234.11	40.74	9.26	19.52	55.56
/education/educational_institution/campuses	13	1	100	100	100	1	100	100	100	1	100	100	100	1	100	100	100	1.15	100	92.31	94.87	1.15	100	92.31	94.87	19.19	61.54	23.08	37.41	19.19	61.54	23.08	37.41	1	100	100	100	1	100	100	100	100
/education/educational_institution/colors	90	293.14	27.78	0.56	8.32	247.23	33.33	6.11	13.45	365.02	24.44	0	7.21	319.16	26.67	4.44	11.61	251.31	27.22	0.56	7.79	205.02	31.11	3.89	11.66	210.51	38.33	1.11	12.17	164.45	45	11.11	20.9	174.01	37.78	6.11	15.86	138.38	39.44	10	19.34	42.78
/education/educational_institution/school_type	80	157.1	46.25	10	22.69	83.92	50.63	21.25	31.87	168.98	42.5	7.5	19.27	95.09	47.5	14.38	25.5	177.36	46.25	10.63	22.71	103.36	51.25	19.38	30.3	140.56	47.5	16.25	28.15	66.34	56.88	28.13	37.3	120.56	46.88	20	29.28	70.81	51.88	26.25	35.84	50
/education/educational_institution/students_graduates./education/education/major_field_of_study	321	208.42	6.39	0.31	3.26	169.22	22.59	3.27	9.75	231.95	7.63	0.78	3.85	193.37	22.9	3.43	10.1	219.81	7.48	1.25	4.21	181.98	21.96	4.83	10.66	154.85	12.31	0.31	4.35	115.09	37.23	7.94	16.8	121.04	24.3	2.8	9.38	97.65	37.07	7.32	16.87	52.65
/education/educational_institution/students_graduates./education/education/student	311	1893.94	3.22	0.16	1.35	1882	3.7	0.16	1.59	2262.25	3.38	0.48	1.66	2250.31	4.02	1.61	2.62	1791.23	3.22	0.32	1.5	1779.36	3.7	0.48	1.83	834.23	13.02	1.45	5.34	822.22	14.79	3.22	7.19	805.75	12.7	2.25	5.65	794.88	13.02	2.41	5.95	1.29
/education/educational_institution_campus/educational_institution	13	1	100	100	100	1	100	100	100	1.15	100	92.31	94.87	1.15	100	92.31	94.87	1.15	100	92.31	94.87	1.15	100	92.31	94.87	10	57.69	23.08	36.39	10	57.69	23.08	36.39	1	100	100	100	1	100	100	100	100
/education/field_of_study/students_majoring./education/education/major_field_of_study	11	58.32	31.82	0	6.94	50.41	59.09	0	15.57	42.36	18.18	4.55	11.37	35.64	31.82	9.09	15.94	87.14	9.09	0	3.78	78.77	9.09	0	5.33	29.45	9.09	0	6.57	21.09	31.82	0	11.05	27.18	31.82	0	10.14	22.68	31.82	0	11.99	59.09
/education/field_of_study/students_majoring./education/education/student	34	1462.71	8.82	0	3.9	1457.38	10.29	1.47	5.33	1271.37	8.82	1.47	4.41	1266.07	11.76	2.94	6.05	1260.57	11.76	0	3.52	1255.34	14.71	1.47	4.82	809.38	26.47	1.47	10.21	804.12	27.94	5.88	14.06	502.88	23.53	4.41	11.14	498.34	23.53	5.88	12.05	22.06
/education/university/domestic_tuition./measurement_unit/dated_money_value/currency	5	277.9	50	50	50.09	162.5	50	50	50.31	188.8	50	40	42.65	73.4	50	40	42.94	287.8	50	40	42.66	172.4	50	40	42.9	247.3	50	30	38.55	131.9	50	30	38.94	168.7	50	40	42.73	53.6	50	40	43.03	50
/education/university/fraternities_and_sororities	21	96.74	50	14.29	30.54	63.76	54.76	26.19	38.81	72.38	50	23.81	35.46	38.81	52.38	40.48	45.51	71.38	50	21.43	34.18	39.02	54.76	30.95	43.4	74.21	50	26.19	38.17	40.62	54.76	42.86	48.3	60.76	52.38	26.19	38.98	39.4	61.9	33.33	45.24	59.52
/education/university/local_tuition./measurement_unit/dated_money_value/currency	1	304	50	0	25.08	153	50	0	25.16	318.5	50	50	50.08	167.5	50	50	50.15	234.5	50	50	50.11	83.5	50	50	50.3	636	50	50	50.04	485	50	50	50.05	239.5	50	0	25.1	88.5	50	0	25.29	50
/film/actor/dubbing_performances./film/dubbing_performance/language	12	1598.58	37.5	37.5	37.75	1537.38	41.67	37.5	38.97	649.33	41.67	37.5	39.84	589.33	50	41.67	46.08	1864.67	37.5	25	29.93	1803.58	37.5	25	30.15	584.25	50	50	50.16	524	54.17	54.17	54.55	1471.17	33.33	20.83	25.29	1410.38	33.33	20.83	25.34	58.33
/film/actor/film./film/performance/film	836	1637.19	2.63	0.06	1.06	1629.65	4.72	0.84	2.38	1494.5	2.63	0.12	1.21	1486.95	5.14	1.32	2.74	1425.76	1.85	0.06	1.06	1418.23	3.83	0.72	2.08	816.73	5.02	0.12	2.02	809.19	10.05	2.09	5.07	600.77	5.56	0.9	2.68	594.12	7.06	1.26	3.39	11.12
/film/actor/film./film/performance/special_performance_type	16	732.19	28.13	18.75	22.82	678	31.25	18.75	24.38	984.72	21.88	6.25	12.6	929.53	21.88	6.25	12.61	874.94	31.25	9.38	17.07	819.38	31.25	9.38	17.14	481.31	50	43.75	47.09	425.97	53.13	50	52	778.06	50	18.75	33.99	724.06	50	21.88	35.61	53.13
/film/director/film	19	1317.47	10.53	0	4.52	1313.87	10.53	0	4.69	1346.47	10.53	2.63	5.15	1342.87	10.53	2.63	5.28	1629.82	5.26	5.26	6.16	1626.34	7.89	5.26	6.91	627.21	31.58	5.26	13.01	623.74	39.47	5.26	13.73	437.71	7.89	2.63	6.35	434.47	10.53	2.63	6.71	36.84
/film/film/cinematography	17	307.03	23.53	2.94	9.07	302.21	26.47	2.94	9.34	813.35	14.71	0	3.62	808.5	14.71	0	3.64	714	23.53	11.76	16.79	709.24	23.53	11.76	16.83	282.74	41.18	17.65	24.78	277.94	41.18	17.65	26.2	283.65	26.47	5.88	12.37	279.29	26.47	5.88	12.45	29.41
/film/film/costume_design_by	13	205.65	23.08	3.85	11.14	199.35	26.92	3.85	12.25	819.69	15.38	7.69	11.35	813.42	23.08	7.69	11.95	1394.27	19.23	7.69	11.98	1387.92	23.08	7.69	12.58	164.38	38.46	15.38	25.2	158.04	46.15	15.38	25.85	140.65	38.46	19.23	28.26	135.04	38.46	19.23	28.52	53.85
/film/film/country	131	641.52	32.44	6.87	14.84	323.04	35.5	8.78	17.55	606.47	29.39	10.31	16.79	288.21	31.68	14.5	20.3	568.84	31.68	9.16	16.2	251.46	34.73	11.83	19.42	531.63	43.13	17.18	26.19	224.95	46.56	29.01	35.17	429.08	43.51	19.08	26.98	172.72	45.8	22.14	30.35	46.18
/film/film/distributors./film/film_film_distributor_relationship/film_distribution_medium	38	94.14	51.32	14.47	28.46	49.46	73.68	46.05	56.15	125.95	46.05	15.79	27.5	79.8	64.47	36.84	46.06	120.01	44.74	17.11	28	73.87	56.58	39.47	45.21	91.68	51.32	18.42	29.96	46.59	78.95	39.47	53.17	147.67	51.32	22.37	32.87	112.49	55.26	34.21	41.61	77.63
/film/film/distributors./film/film_film_distributor_relationship/region	10	118.6	50	45	47.76	53.4	60	55	58.24	98.9	50	50	50.28	30.95	55	50	52.71	132.65	50	45	47.76	65.6	60	45	50.09	81	50	50	50.34	16.4	60	55	57.12	186.9	50	50	50.21	125	50	50	50.75	100
/film/film/dubbing_performances./film/dubbing_performance/actor	8	73.44	18.75	0	9.35	69.06	31.25	12.5	18.34	70.5	31.25	6.25	13.42	66.25	37.5	6.25	20.23	136.06	12.5	0	8.07	131.69	37.5	6.25	14.21	20.31	56.25	12.5	23.88	15.94	62.5	31.25	43.18	98.69	43.75	12.5	21.61	95.88	62.5	18.75	26.43	43.75
/film/film/edited_by	13	604.38	23.08	11.54	14.36	598.19	23.08	11.54	14.78	708.04	3.85	0	2.29	701.81	3.85	0	2.31	882.5	11.54	0	4.91	876.27	11.54	3.85	6.88	279.12	38.46	11.54	20.39	273.04	46.15	11.54	21.47	195.35	30.77	15.38	19.23	189.54	30.77	15.38	19.32	50
/film/film/estimated_budget./measurement_unit/dated_money_value/currency	151	706.03	49.67	38.41	43.3	84.57	52.65	38.41	44.62	755.48	49.67	33.11	40.45	135.98	51.66	33.77	42.21	703.86	49.67	39.4	43.91	83.37	52.65	39.4	45.5	526.62	50.33	48.34	49.28	57.85	55.63	49.67	52.16	605.62	49.34	46.36	47.63	77.91	53.31	47.02	49.65	52.32
/film/film/executive_produced_by	73	940.67	15.07	0.68	5.91	931.71	19.86	3.42	9.99	1048.59	14.38	1.37	6.34	1039.95	20.55	5.48	10.96	862.62	17.12	2.05	7.02	853.97	21.23	7.53	11.62	406.31	35.62	2.74	14.72	397.34	53.42	12.33	24.34	366.01	24.66	5.48	11.97	358.41	26.71	7.53	13.48	60.96
/film/film/featured_film_locations	100	1522.99	4	0.5	2.26	1497.74	4	0.5	2.31	1999.08	6	0.5	2.85	1973.67	6.5	1	3.25	1203.18	5	1.5	3.17	1177.72	5.5	2	3.7	686.67	21	8	12.42	662.35	22.5	8.5	13.49	431.54	23	6.5	12.31	411.41	23.5	7	12.75	21
/film/film/film_art_direction_by	3	21.83	50	33.33	38.19	16.83	66.67	33.33	39.15	22	50	33.33	43.55	17	66.67	33.33	46.58	9.5	50	50	52.78	4.5	100	50	56.25	7.5	50	50	53.62	2.5	100	50	63.06	122.5	50	0	12.24	117.67	50	0	12.37	100
/film/film/film_festivals	18	302.97	19.44	2.78	9.71	295.11	22.22	5.56	11.99	232.61	27.78	16.67	20.48	224.69	33.33	19.44	22.66	594.31	30.56	5.56	10.9	586.28	33.33	8.33	13.28	102.86	44.44	16.67	28.34	95.03	52.78	25	33.97	533.36	44.44	13.89	24.45	526.11	44.44	16.67	26.56	52.78
/film/film/film_format	39	391.38	43.59	25.64	33.81	314.9	48.72	28.21	35.81	379.45	42.31	29.49	34.63	303.21	44.87	32.05	36.7	534.72	39.74	29.49	33.86	456.77	39.74	30.77	34.75	290.44	50	32.05	40.07	215.79	53.85	33.33	41.77	336.64	52.56	39.74	44.7	285.27	55.13	42.31	47.56	61.54
/film/film/film_production_design_by	10	366.95	30	15	19.5	362.85	30	15	20.67	909.45	20	10	11.91	905.35	20	10	12.11	832.95	15	0	5.52	828.8	15	0	5.54	152	50	15	26.3	147.9	55	20	31.47	598.65	25	10	15.78	594.95	30	10	16.07	50
/film/film/genre	722	463.15	18.21	0.21	4.68	284.47	26.87	3.46	10.84	446.51	16.76	0.21	4.61	267.57	27.15	4.99	11.59	425.87	19.25	0.14	4.92	247.41	30.19	4.99	12.44	363.95	35.94	1.18	9.19	186.09	45.64	19.46	28.65	331.98	32.06	5.47	13.36	193.49	39.61	13.57	22.34	39.82
/film/film/language	314	722.72	35.67	9.55	17.66	222.56	53.34	13.85	25.88	740.27	36.15	10.83	18.87	238.19	54.62	15.13	26.92	721.66	35.03	10.67	18.85	219.02	48.09	13.69	26.91	626.94	43.95	27.39	32.31	169.83	60.83	37.9	44.86	524.04	44.11	25.32	31.17	113.43	62.9	30.89	41.3	49.84
/film/film/music	92	864.43	8.15	0.54	3.22	858.14	8.7	1.09	3.81	1127.55	5.98	0	2.45	1121.29	6.52	0	2.59	1424.83	5.43	0.54	2.24	1418.53	5.43	0.54	2.28	358.62	22.28	4.89	10.12	352.35	25.54	5.98	11.76	302.91	17.39	4.89	9.4	297.44	17.39	4.89	9.61	10.33
/film/film/other_crew./film/film_crew_gig/crewmember	26	565.29	11.54	1.92	5.65	557.69	13.46	1.92	6.76	529.6	15.38	3.85	7.3	521.92	17.31	5.77	9.36	832.21	19.23	3.85	8.02	824.81	21.15	5.77	9.77	432.77	32.69	3.85	12.77	425.04	34.62	5.77	15.06	291.12	19.23	0	5.18	284.25	21.15	0	5.67	25
/film/film/other_crew./film/film_crew_gig/film_crew_role	606	458.43	29.13	0.25	6.74	165.38	45.79	8.91	20.01	439.5	26.98	0.17	6.37	146.09	43.48	8.17	18.99	417.82	31.6	0.5	7.44	126.82	48.68	11.39	22.93	418.1	40.26	0.74	9.2	129.1	52.56	25.17	34.72	304.99	43.81	4.95	15.85	103.45	55.03	26.65	36.55	51.98
/film/film/personal_appearances./film/personal_film_appearance/person	11	769.73	9.09	4.55	6.47	767.23	13.64	4.55	7.8	633.14	18.18	9.09	13.27	630.64	31.82	9.09	14.46	791.64	18.18	9.09	12.99	789.23	27.27	13.64	18.36	1279.27	22.73	13.64	16.05	1276.59	31.82	13.64	19.07	218.55	18.18	4.55	9.76	216.41	22.73	4.55	10.25	36.36
/film/film/prequel	18	115.36	19.44	0	7.02	115.19	19.44	0	7.08	966.33	38.89	0	10.64	966.17	38.89	0	11.09	196.67	27.78	0	7.87	196.5	27.78	0	8	51.75	50	2.78	14.93	51.58	50	2.78	15.81	37.28	58.33	0	17.93	37.11	58.33	0	18.2	19.44
/film/film/produced_by	60	933.9	17.5	5.83	10.26	929.62	22.5	10.83	15.4	702.53	10.83	1.67	4.89	697.97	15.83	4.17	7.95	1290.15	15.83	4.17	8.46	1285.69	20	7.5	11.45	262.41	26.67	3.33	11.26	257.98	35.83	7.5	16.29	509.18	15.83	4.17	8.36	505.2	16.67	5	9.41	47.5
/film/film/production_companies	84	331.82	27.98	1.79	9.63	314.15	37.5	5.36	15.09	402.93	19.05	0.6	6.58	385.1	22.02	7.74	12.79	294.09	25.6	2.98	11.28	276.21	32.74	8.93	17.57	154.93	36.31	1.79	14.16	137.08	52.38	12.5	27.22	226.23	32.14	6.55	14.22	211.21	32.14	8.33	16.38	56.55
/film/film/release_date_s./film/film_regional_release_date/film_regional_debut_venue	20	346.7	17.5	2.5	7.16	331.63	20	7.5	11.38	215.95	35	5	13.05	201.03	40	10	17.72	779.75	22.5	0	8.43	765.75	30	7.5	15.12	143.5	40	10	20.71	128.72	45	20	29.19	278.9	40	12.5	23.14	268.4	40	15	25.53	37.5
/film/film/release_date_s./film/film_regional_release_date/film_release_distribution_medium	158	762.35	50	36.71	42.24	68.84	52.53	38.29	44.63	757.71	49.68	36.39	42.01	68.63	51.9	37.66	44.34	740.86	50	41.14	44.91	56.5	54.11	44.94	48.9	739.84	50	47.15	48.33	65.75	50.95	48.42	50.15	659.6	49.68	38.61	43.5	69.35	52.22	41.77	46.99	52.53
/film/film/release_date_s./film/film_regional_release_date/film_release_region	1447	173.68	3.35	0.83	2.91	32.95	43.43	6.57	17.59	176.97	4.28	1.07	3.35	37.83	44.09	6.36	17.72	174.1	3.8	0.83	3.08	36.03	42.57	6.22	16.98	170.38	2.14	0.86	2.85	31.65	56.57	14.13	27.81	117.79	14.48	1.49	6.35	27.86	59.26	19.59	32.57	59.71
/film/film/runtime./film/film_cut/film_release_region	9	282.11	16.67	0	7.21	278	16.67	0	8.28	1304.44	16.67	0	5.67	1300.33	16.67	0	6.03	840.44	5.56	0	2.01	836.33	5.56	0	2.16	677.06	27.78	0	9.56	672.94	27.78	0	10.98	339.33	33.33	0	7.28	335.5	33.33	0	7.66	33.33
/film/film/story_by	31	1119.13	22.58	8.06	12.3	1116.61	30.65	11.29	17.67	1408.19	17.74	8.06	11.78	1405.61	22.58	9.68	14.96	863.55	24.19	8.06	13.62	860.97	25.81	11.29	17.7	383.19	38.71	8.06	16.66	380.65	43.55	20.97	28.93	565.53	27.42	8.06	14.79	563.63	30.65	9.68	17.04	45.16
/film/film/written_by	26	2757.6	3.85	0	1.08	2756.23	5.77	0	1.12	2027.98	3.85	1.92	3.01	2026.63	5.77	1.92	3.19	1928.25	3.85	1.92	2.95	1926.9	3.85	1.92	2.96	595.02	19.23	1.92	7.78	593.62	21.15	1.92	8.61	440.46	11.54	0	2.79	439.15	13.46	0	2.9	7.69
/film/film_distributor/films_distributed./film/film_film_distributor_relationship/film	160	607.14	16.25	0.94	6.32	551.19	20	3.13	9.41	535	17.81	0.94	6.12	479.24	22.19	4.38	9.9	624.74	18.13	0.94	6.54	568.81	22.5	5	10.51	353.23	35	4.06	13.67	297.81	44.38	14.38	23.63	338.75	27.5	3.44	11.04	292.59	30	6.25	13.62	40
/film/film_set_designer/film_sets_designed	8	96.13	37.5	18.75	29.95	91.81	43.75	25	34.93	164	25	12.5	16.21	159.69	25	12.5	16.82	152.38	43.75	18.75	24.69	148.25	56.25	18.75	30.83	60.69	50	6.25	14.35	56.44	56.25	6.25	17.27	225.13	25	0	7.34	221.44	25	0	7.61	68.75
/film/film_subject/films	77	1543.63	7.79	1.3	2.9	1535.32	7.79	1.3	3.16	2110.97	9.09	1.95	4.89	2102.79	11.04	3.9	6.73	2115.5	9.74	1.95	4.88	2107.25	10.39	2.6	5.98	816.46	28.57	6.49	13.56	808.14	30.52	9.09	16.29	740.56	21.43	3.25	8.63	733.25	21.43	3.25	8.75	33.12
/film/person_or_entity_appearing_in_film/films./film/personal_film_appearance/type_of_appearance	3	722	50	16.67	29.35	701.83	50	16.67	29.45	277	50	50	50.17	257.17	50	50	50.21	481.33	50	50	50.17	461.17	50	50	50.22	142.5	50	50	50.47	123.17	66.67	50	52.87	212.17	50	33.33	36.26	199.17	50	33.33	36.91	50
/film/special_film_performance_type/film_performance_type./film/performance/film	11	403.73	31.82	27.27	29.61	386.95	36.36	27.27	31.92	1136.73	31.82	18.18	22.98	1119.41	36.36	18.18	23.54	875.45	45.45	40.91	42.57	858.27	59.09	40.91	45.66	418.09	50	36.36	43.67	401.18	59.09	40.91	49.76	210.14	50	31.82	40.61	194	54.55	31.82	42.78	59.09
/food/food/nutrients./food/nutrition_fact/nutrient	105	30.56	10.95	0	5.32	2.32	97.62	58.57	71.97	30.81	10.95	0	5.2	2.2	98.1	58.57	72.39	29.43	11.9	0	5.85	2.22	97.62	59.52	73.4	35.36	4.76	0	4.17	1.75	100	72.86	81.97	25.74	20.48	1.43	8.55	2.41	99.05	59.05	71.49	100
/government/government_office_category/officeholders./government/government_position_held/jurisdiction_of_office	91	210.87	42.31	6.04	19.04	169.2	54.95	28.57	39.09	350.12	40.11	6.59	18.74	307.45	53.85	28.57	37.62	228.19	44.51	5.49	19.6	186.06	57.69	30.22	40.09	147.54	45.6	9.89	23.93	104.62	65.38	40.66	49.51	108.47	51.65	15.38	28.46	75.75	60.99	28.57	40.72	62.64
/government/governmental_body/members./government/government_position_held/legislative_sessions	12	20.21	58.33	16.67	36.48	1	100	100	100	21.29	54.17	12.5	34.46	1.04	100	95.83	97.92	20.88	58.33	16.67	36.65	1	100	100	100	23.5	54.17	8.33	29.9	1.08	100	91.67	95.83	16	54.17	25	39.45	1	100	100	100	100
/government/legislative_session/members./government/government_position_held/district_represented	117	24.01	21.79	3.42	10.08	2.65	94.44	63.25	74.05	25.88	14.1	0.85	6.97	2.77	96.58	53.85	68.34	24.33	18.8	0.85	7.92	2.49	95.3	64.1	74.57	28.51	8.12	0	4.73	1.86	98.29	72.22	81.86	21.5	29.06	1.71	10.77	5.58	84.19	33.33	48.24	99.57
/government/legislative_session/members./government/government_position_held/legislative_sessions	13	14.62	26.92	0	9.73	3.77	100	15.38	38.89	15.81	19.23	0	8.37	3.96	100	7.69	33.72	15.46	19.23	0	8.06	3.85	100	19.23	41.75	19.12	7.69	0	6.53	4.77	100	3.85	27.55	12.46	42.31	0	14.24	4	100	0	32.4	100
/government/political_party/politicians_in_this_party./government/political_party_tenure/politician	11	1473.14	36.36	18.18	25.83	1460.55	45.45	18.18	29.03	792.59	22.73	13.64	15.69	780.59	31.82	18.18	20.43	991	31.82	13.64	20.63	978.45	40.91	13.64	23.81	580.45	45.45	27.27	35.88	567.77	63.64	27.27	39.64	967.05	36.36	13.64	22.24	957.09	40.91	13.64	24.17	59.09
/government/politician/government_positions_held./government/government_position_held/basic_title	16	439.31	40.63	6.25	16.77	427.66	59.38	12.5	27.76	56.19	40.63	0	16.15	45.41	56.25	15.63	31.91	35.63	46.88	9.38	20.66	25	53.13	18.75	28.47	25.09	50	9.38	23.26	13.44	71.88	37.5	45.51	22.09	50	9.38	24.61	16	59.38	15.63	34.91	96.88
/government/politician/government_positions_held./government/government_position_held/jurisdiction_of_office	9	398.28	16.67	0	5.32	391.78	27.78	0	9.75	1861.28	16.67	0	5.81	1855.17	22.22	5.56	11.79	1545.28	11.11	0	3.27	1538.78	22.22	0	5.24	319.28	27.78	11.11	15.72	312.78	38.89	11.11	18.75	361.56	27.78	5.56	15.05	359.94	33.33	11.11	20.26	38.89
/government/politician/government_positions_held./government/government_position_held/legislative_sessions	30	11.85	45	0	14.26	3.15	93.33	55	67.65	11.47	51.67	1.67	15.44	2.85	93.33	56.67	71.01	11.63	56.67	0	13.05	2.52	96.67	41.67	64.67	12.93	41.67	0	12.96	2.23	96.67	70	80.64	14.12	40	10	20.4	7.05	76.67	50	59.25	100
/ice_hockey/hockey_team/current_roster./sports/sports_team_roster/position	4	22.63	50	0	16.82	3.88	100	25	45.97	22.75	50	0	17.84	3.88	100	37.5	51.68	20.88	50	0	21.1	2.75	100	37.5	58.45	24.38	50	0	17.76	4.63	100	37.5	50.45	23.13	50	0	20.95	4.75	87.5	0	32.09	100
/influence/influence_node/influenced_by	235	434.82	7.66	0.64	3.68	426.05	17.45	1.49	7.32	491.7	7.45	0.64	3.65	482.97	18.09	3.19	7.89	344.46	5.53	0	2.77	335.68	11.28	1.7	5.03	151.68	13.19	0.43	4.97	142.84	28.3	3.83	11.62	347.48	16.38	0	5.67	341.16	21.91	0	7.69	36.17
/influence/influence_node/peers./influence/peer_relationship/peers	2	167.5	25	0	3.59	166.75	25	0	3.59	5946	0	0	0.02	5945.25	0	0	0.02	1279	0	0	0.13	1278.25	0	0	0.13	327	0	0	1	326.25	0	0	1	39	0	0	2.83	38.25	0	0	2.87	0
/language/human_language/countries_spoken_in	25	58.14	32	4	11.18	49.98	34	8	14.92	79.82	18	2	7.35	71.6	24	4	11.47	53.84	32	6	12.68	46.28	40	6	16.8	44.6	48	8	18.85	36.42	62	16	30.07	62.56	20	4	9.21	56.4	20	4	9.67	50
/location/administrative_division/country	3	305.33	33.33	16.67	21.16	279	33.33	16.67	21.39	699.17	16.67	0	3.31	672.83	16.67	0	3.32	671.67	33.33	16.67	20.93	645.17	33.33	16.67	20.95	298	33.33	16.67	25.26	271.83	33.33	16.67	25.54	239.83	50	16.67	25.86	213.67	50	16.67	26.08	33.33
/location/country/capital	11	1151.73	9.09	0	3.5	1150.5	9.09	0	3.76	3630.05	0	0	0.5	3628.77	0	0	0.5	2738.59	13.64	0	2.2	2737.36	13.64	0	2.55	760.77	18.18	0	5.89	759.45	18.18	0	6.41	625.95	13.64	0	4.66	624.77	13.64	0	4.95	13.64
/location/country/form_of_government	43	68.86	47.67	2.33	18.46	35.79	53.49	22.09	34.92	149.81	50	6.98	21.27	117.48	55.81	24.42	36.41	99.2	50	8.14	23.59	67.74	53.49	32.56	43.04	62.33	50	4.65	21.76	28.48	59.3	33.72	43.51	49.83	51.16	15.12	29.63	30.8	62.79	30.23	42.49	61.63
/location/country/official_language	16	182.84	37.5	3.13	11.31	169.25	37.5	6.25	15.7	257.5	34.38	12.5	18.75	243.81	37.5	18.75	23.4	419.56	21.88	3.13	9.82	405.69	21.88	6.25	12.32	54.25	46.88	15.63	25.93	40.5	56.25	18.75	30.46	80.16	34.38	6.25	13.94	68.81	34.38	6.25	15	43.75
/location/country/second_level_divisions	46	237.55	50	45.65	47.49	58.85	64.13	53.26	56.67	245.41	50	47.83	48.58	67.02	63.04	51.09	54.59	347.63	48.91	47.83	48.49	169.72	63.04	50	55.4	241.83	48.91	47.83	48.54	64.29	52.17	47.83	50.12	193.18	50	46.74	47.62	47.48	75	46.74	54.95	59.78
/location/hud_county_place/county	7	681.86	7.14	0	2.36	680.93	7.14	0	2.41	1308.29	7.14	0	3.41	1307.36	7.14	0	3.43	397.5	7.14	0	2.04	396.57	7.14	0	2.04	50.5	50	7.14	18.28	49.57	50	7.14	19.94	82.64	42.86	21.43	27.19	82	42.86	28.57	30.77	14.29
/location/hud_county_place/place	48	18.41	97.92	90.63	93.12	18.41	97.92	90.63	93.12	54.96	89.58	77.08	82.06	54.96	89.58	77.08	82.06	44.6	83.33	62.5	70.7	44.6	83.33	62.5	70.7	189.86	37.5	2.08	10.85	189.86	37.5	2.08	10.85	1	100	100	100	1	100	100	100	87.5
/location/hud_foreclosure_area/estimated_number_of_mortgages./measurement_unit/dated_integer/source	84	473.89	50	50	50.05	36.97	61.9	54.17	57.03	486.61	50	49.4	49.76	51.08	62.5	51.19	55.74	489.72	50	50	50.05	51.7	66.07	51.79	56.42	472.85	50	50	50.05	37.63	57.74	51.19	53.25	444.23	50	50	50.06	28.95	69.64	50	56.04	87.5
/location/location/adjoin_s./location/adjoining_relationship/adjoins	55	283.28	30.91	0	6.74	280.66	38.18	0	10.52	590.21	15.45	0	4.87	587.49	22.73	0.91	7.81	446.24	16.36	0	5.59	443.5	21.82	3.64	9.96	138.3	36.36	0.91	9.87	135.55	49.09	0.91	13.62	82.28	50	0	16.57	80.26	58.18	0	21.25	85.45
/location/location/contains	330	1041.07	14.39	1.36	5.53	932.01	17.42	5.15	9.45	1264.79	9.24	0.91	3.94	1155.67	12.73	2.88	6.32	1126.87	9.24	0.3	3.17	1017.62	13.64	1.67	5.5	331.2	41.21	2.88	16.08	222.3	49.24	22.73	31.83	430.59	27.73	4.7	12.92	326.42	32.27	13.03	19.48	54.09
/location/location/partially_contains	13	526.08	38.46	7.69	16.6	523.35	46.15	19.23	27.18	111.54	50	11.54	21.92	108.96	50	23.08	33.55	1312.42	38.46	7.69	15.64	1309.5	38.46	19.23	24.57	26.19	61.54	7.69	22.83	23.35	65.38	23.08	38.66	1026.12	53.85	7.69	17.62	1024.54	53.85	7.69	21.47	73.08
/location/location/time_zones	137	510.09	45.26	29.56	35.69	358.54	51.09	31.75	39.64	556.59	37.96	22.26	27.71	405.1	44.16	22.63	29.59	556.5	45.62	29.2	35.49	405.01	49.27	30.29	37.45	259.47	49.64	39.05	43.57	107.73	57.3	41.24	47.45	296.93	50	28.83	36.81	158.98	55.11	30.29	39.48	63.5
/location/statistical_region/gdp_nominal./measurement_unit/dated_money_value/currency	4	124.5	50	50	50.21	14.88	62.5	50	55.82	119.25	50	50	50.21	9.63	75	50	54.75	127	50	50	50.2	17.75	62.5	50	53.26	118.5	50	50	50.21	10.13	50	50	52.99	118.38	50	50	50.22	19.63	50	50	51.47	62.5
/location/statistical_region/gdp_nominal_per_capita./measurement_unit/dated_money_value/currency	3	77.17	50	33.33	42.44	19.5	50	50	51.39	912.33	33.33	33.33	33.48	854.67	33.33	33.33	33.77	116.17	50	16.67	34.95	58.5	50	33.33	43.39	74.83	66.67	33.33	44.2	17.17	66.67	50	53.11	1783	33.33	0	10.32	1725.33	33.33	0	10.47	66.67
/location/statistical_region/places_exported_to./location/imports_and_exports/exported_to	13	91.5	23.08	0	5.44	86.85	34.62	0	10.92	145.85	23.08	0	5.82	141.23	34.62	0	13.41	113.15	11.54	0	7.14	108.77	26.92	7.69	12.42	120.65	30.77	3.85	11.17	116.15	46.15	7.69	18.17	766.27	7.69	0	2.48	762.65	7.69	0	3	34.62
/location/statistical_region/religions./location/religion_percentage/religion	60	103.26	28.33	3.33	11.42	84.3	81.67	31.67	47.92	126.7	22.5	1.67	9.06	107.34	75.83	27.5	44.72	92.46	20.83	1.67	8.11	72.31	75	20	38.73	57.31	16.67	0.83	6.91	34.09	76.67	32.5	49.22	33.92	33.33	3.33	12.4	18.93	74.17	15.83	32.22	78.33
/location/statistical_region/rent50_2./measurement_unit/dated_money_value/currency	46	272.2	50	47.83	49.02	65.23	57.61	48.91	52.13	258.38	50	46.74	48.29	51.6	64.13	46.74	52.78	266.15	50	50	50.1	58.12	55.43	51.09	53.34	270.63	50	50	50.1	62.08	50	50	51.11	224.68	50	45.65	47.79	39.3	53.26	45.65	49.71	58.7
/location/us_county/county_seat	2	1	100	100	100	1	100	100	100	2	100	50	66.67	2	100	50	66.67	108.5	0	0	0.92	108.5	0	0	0.92	1555	0	0	1.8	1555	0	0	1.8	1	100	100	100	1	100	100	100	100
/media_common/netflix_genre/titles	124	532.93	26.21	3.23	9.71	450.42	33.06	8.06	15.48	375.72	20.97	3.63	8.89	292.54	25.4	5.65	12	556.89	28.23	6.85	14.1	473.37	33.06	11.69	18.92	283.67	42.34	11.69	20.91	200.86	49.6	20.56	30.25	276.95	35.48	9.27	18.32	210.87	37.9	13.71	22.46	47.58
/medicine/disease/notable_people_with_this_condition	15	1883.9	13.33	6.67	8.05	1877.17	16.67	6.67	8.38	1848.93	10	3.33	6.17	1842.17	10	3.33	6.24	987.5	23.33	3.33	9.51	980.77	23.33	3.33	9.52	863.2	36.67	13.33	20.73	856.43	36.67	16.67	22.45	1146.67	23.33	6.67	14.49	1140.5	23.33	10	16.18	43.33
/medicine/disease/risk_factors	13	172.23	23.08	0	8.36	164.46	42.31	11.54	18.76	598.58	19.23	0	6.78	590.77	30.77	15.38	20.82	37.85	34.62	0	9.21	30.38	46.15	0	17.61	92.12	46.15	0	10.65	84.31	53.85	0	20.38	350.73	38.46	7.69	18.01	345.42	46.15	7.69	21.08	53.85
/medicine/symptom/symptom_of	31	20.55	41.94	0	9.59	10.9	69.35	11.29	28.53	26.79	46.77	0	11.36	17.29	69.35	22.58	42.19	20.37	43.55	0	10.6	10.73	69.35	11.29	29.55	43.11	46.77	0	11.2	33.34	72.58	20.97	38.31	17.35	56.45	3.23	16.99	10.21	74.19	16.13	34.5	85.48
/military/military_combatant/military_conflicts./military/military_combatant_group/combatants	17	23.35	17.65	5.88	13.37	9.47	67.65	8.82	24.63	25.26	8.82	0	5	10.15	76.47	5.88	20.44	27.32	8.82	0	4.79	10.68	70.59	5.88	21	25.94	0	0	4.1	7.06	85.29	0	19.35	63.62	11.76	0	4.76	50.38	38.24	0	10.05	79.41
/military/military_conflict/combatants./military/military_combatant_group/combatants	34	206.18	26.47	2.94	9.64	198.16	51.47	8.82	19.73	329.93	39.71	1.47	12.94	322.44	61.76	17.65	29.59	338.76	25	1.47	9.06	330.37	54.41	5.88	18.84	210.82	32.35	0	10.71	202.32	64.71	13.24	28.93	66.57	26.47	1.47	11.01	60.4	30.88	4.41	14.27	51.47
/music/artist/contribution./music/recording_contribution/performance_role	14	194.79	25	0	6.36	184.04	32.14	0	9.78	624.36	17.86	3.57	8.16	613.5	21.43	7.14	12.06	296.86	28.57	0	8.92	286.11	28.57	0	10.49	262.18	42.86	7.14	17.31	251.57	42.86	17.86	27.38	182.04	32.14	14.29	19.82	174.21	32.14	17.86	22.24	50
/music/artist/origin	34	1605.47	4.41	0	1.36	1599.19	4.41	0	1.39	1553.07	5.88	0	2.36	1546.75	5.88	0	2.49	1902.88	4.41	0	1.61	1896.59	4.41	0	1.91	817.93	22.06	0	6.58	811.63	25	1.47	8.06	365.22	19.12	1.47	5.37	359.81	19.12	1.47	5.52	19.12
/music/artist/track_contributions./music/track_contribution/role	152	198.16	7.57	0.33	3.56	163.55	16.78	2.3	7.75	244.72	8.88	0.33	3.72	209.81	19.08	3.29	8.6	174.72	11.84	0.66	4.77	140.28	20.72	3.29	9.67	129.12	18.75	1.32	6.27	94.62	35.86	6.25	15.43	98.87	25.99	4.28	11.29	77.59	34.54	6.91	15.79	39.14
/music/genre/artists	664	285.48	12.2	0.15	4.17	228.98	27.33	6.02	13.27	269.3	12.2	0.68	4.67	213.42	27.79	6.85	14.16	257.38	12.65	0.83	4.79	201.68	29.22	7.45	14.57	154.21	20.33	0.68	6.22	97.74	43.9	16.11	25.6	159.65	23.57	2.71	9.43	120.9	30.95	8.43	16.27	45.71
/music/genre/parent_genre	97	214.51	20.1	0	6.51	205.46	29.38	4.64	12.66	392.19	18.04	0.52	5.73	383.13	23.2	3.09	10.73	158.94	20.1	0	5.87	149.7	28.35	1.03	10.12	87.56	33.51	1.55	10.9	78.32	47.94	10.82	23.17	149.64	31.44	1.55	11.39	142.74	35.57	4.12	16.18	45.36
/music/group_member/membership./music/group_membership/group	22	127.5	20.45	2.27	9.89	125.07	25	4.55	12.61	214.59	31.82	6.82	12.59	212.14	36.36	9.09	15.02	222.7	25	4.55	11.81	220.2	29.55	9.09	15	41.45	50	11.36	23.01	39.16	56.82	20.45	30.32	81.39	31.82	11.36	17.44	79.43	31.82	18.18	21.51	47.73
/music/group_member/membership./music/group_membership/role	29	260.69	17.24	5.17	9.8	238.24	25.86	8.62	13.98	578.86	18.97	0	5.1	556.1	29.31	3.45	10.87	137.29	24.14	3.45	8.2	114.64	27.59	5.17	12.21	129.98	31.03	0	9.95	107.14	39.66	5.17	16.66	91.1	29.31	5.17	13.37	75.71	43.1	5.17	15.03	44.83
/music/instrument/family	6	283.92	25	8.33	11.34	280.42	25	8.33	11.84	37.25	33.33	0	10.86	33.75	33.33	8.33	16.77	728.75	16.67	0	10.2	725.08	16.67	0	10.41	27.33	41.67	0	9.58	23.83	41.67	0	10.85	56.67	8.33	0	4.53	54.17	8.33	0	4.59	58.33
/music/instrument/instrumentalists	153	212.75	15.03	0.98	5.26	145.55	22.88	3.92	9.77	291.01	12.42	0	4.22	223.47	22.55	1.96	8.05	219.22	16.34	1.31	6.22	151.76	24.18	5.56	11.77	183.03	30.39	2.61	10.02	117.42	39.87	10.46	20.01	142.5	32.03	4.9	13.29	98.21	39.54	9.8	19.44	37.91
/music/performance_role/guest_performances./music/recording_contribution/performance_role	2	26.5	50	0	6.69	22.25	50	0	9.05	39.5	0	0	2.72	35.25	0	0	3.01	177	0	0	0.76	172.75	0	0	0.78	20.5	0	0	5.12	16.25	0	0	6.39	35.75	50	0	8.55	34	50	0	12.26	0
/music/performance_role/regular_performances./music/group_membership/group	167	72.86	23.05	1.5	6.99	27.31	54.49	8.68	22.81	66.55	19.76	1.2	7.1	21.93	55.69	12.28	25.72	69.24	24.85	1.8	7.2	25.16	52.99	12.57	24.74	67.03	32.34	0.3	7.03	18.87	66.47	26.05	40.17	49.05	43.11	5.09	15.2	18.58	62.87	23.35	37.74	68.56
/music/performance_role/regular_performances./music/group_membership/role	40	55.02	2.5	0	2.84	23.86	18.75	3.75	10.85	61.01	2.5	0	2.69	28.26	20	0	8.07	53.14	3.75	0	3.34	23.29	36.25	6.25	15.8	60.6	0	0	2.26	27.18	20	0	8	57.8	5	0	3.19	31.84	23.75	0	6.5	27.5
/music/performance_role/track_performances./music/track_contribution/role	53	54.35	4.72	0	3.09	18.07	40.57	2.83	14.81	63.18	1.89	0	2.14	22.11	23.58	0.94	9.39	58.3	5.66	1.89	5.26	20.46	33.02	6.6	15.09	65.77	0.94	0	2.03	22.35	23.58	2.83	9.81	45.78	9.43	0	4.12	20.33	44.34	0	11.3	22.64
/music/record_label/artist	266	809.48	6.77	0.19	2.74	781.02	10.53	1.5	4.52	656.96	9.96	0	3.06	628.48	14.1	1.13	5.45	585.6	8.65	0.19	3.19	557.39	13.16	1.5	5.51	360.17	20.11	0.38	6.18	331.73	28.76	6.2	13.42	266.21	18.98	3.38	8.39	245.81	21.24	3.95	9.62	31.02
/olympics/olympic_games/medals_awarded./olympics/olympic_medal_honor/medal	16	19.75	50	6.25	24.29	1	100	100	100	17.38	53.13	12.5	28.59	1	100	100	100	18.13	56.25	9.38	26.98	1	100	100	100	20.94	50	0	21.08	1	100	100	100	16.72	53.13	21.88	35.71	1	100	100	100	100
/olympics/olympic_games/participating_countries	23	55.48	47.83	10.87	19.09	18.91	56.52	13.04	27.41	54.11	41.3	8.7	19.07	18.22	56.52	15.22	30.1	51.24	47.83	8.7	21.49	16.2	60.87	21.74	35.51	53.78	50	13.04	24.8	18.54	63.04	28.26	40.27	44.43	50	15.22	25.71	16.96	60.87	19.57	34.78	58.7
/olympics/olympic_games/sports	13	17.65	23.08	0	7.34	3.62	96.15	19.23	44.04	19.92	7.69	0	5.82	3.92	96.15	3.85	32.83	17.35	11.54	0	6.52	2.96	100	26.92	51.15	21.92	0	0	4.86	4.04	100	0	29.56	14.73	38.46	7.69	15.78	4.73	76.92	30.77	48.97	100
/olympics/olympic_participating_country/athletes./olympics/olympic_athlete_affiliation/olympics	31	74.11	33.87	9.68	17.47	28.05	64.52	19.35	31.49	57.03	38.71	9.68	18.39	14.21	54.84	24.19	34.54	64.52	32.26	9.68	16.44	17.84	54.84	17.74	27.34	62.11	33.87	19.35	23.89	17.39	45.16	24.19	32.33	50.16	43.55	11.29	20.81	16.77	64.52	16.13	29.61	51.61
/olympics/olympic_participating_country/medals_won./olympics/olympic_medal_honor/medal	38	43.75	51.32	9.21	26.27	6.45	85.53	65.79	72.46	43.17	55.26	11.84	29.4	6.11	88.16	63.16	70.65	41.88	55.26	11.84	29.53	6.8	86.84	64.47	72.07	52.71	50	0	19.83	7.63	85.53	59.21	69.19	41.49	53.95	10.53	28.16	11.29	82.89	53.95	63.88	75
/olympics/olympic_participating_country/medals_won./olympics/olympic_medal_honor/olympics	63	36	20.63	0	6.13	12.75	71.43	12.7	28.24	35.21	21.43	3.17	9.55	12.11	65.87	9.52	27.21	34.01	22.22	3.17	10	11.26	67.46	9.52	26.61	36.35	12.7	0	5.6	10.48	72.22	7.14	26.23	29.92	33.33	3.17	12.82	13.25	69.84	12.7	31.37	65.08
/olympics/olympic_sport/athletes./olympics/olympic_athlete_affiliation/country	258	54.19	18.6	1.55	7.15	13.62	61.43	16.47	30.03	56.76	14.92	0.78	6.02	14.75	60.66	14.92	27.96	55.21	15.89	0.19	5.89	13.9	59.88	15.7	28.61	56.85	12.6	0	5.17	11.87	68.8	24.61	38.29	41.91	26.94	3.29	11.22	12.92	65.7	20.35	33.94	69.57
/olympics/olympic_sport/athletes./olympics/olympic_athlete_affiliation/olympics	8	14.06	37.5	12.5	22.91	5	81.25	37.5	52.73	16.44	31.25	6.25	13.92	4.69	81.25	25	46.37	12.56	50	18.75	27.68	2.13	100	50	68.81	21.06	18.75	0	7.64	4.63	87.5	31.25	48.08	9.75	68.75	0	23.23	4.25	87.5	37.5	52.86	93.75
/organization/endowed_organization/endowment./measurement_unit/dated_money_value/currency	3	177.83	50	50	50.28	63	50	50	50.47	189.83	50	33.33	41.89	75	50	33.33	42.04	217.83	50	50	50.13	103	50	50	50.25	159.67	50	33.33	42.14	45	50	33.33	42.48	173.33	66.67	0	22.84	60	66.67	0	25.75	33.33
/organization/non_profit_organization/registered_with./organization/non_profit_registration/registering_agency	22	82.3	50	50	50.33	12.16	86.36	72.73	77.48	83.84	50	50	50.33	12.36	88.64	75	79.96	101.02	50	50	50.31	30.02	79.55	61.36	67.59	92.07	50	50	50.32	22.09	86.36	61.36	70.97	71.55	50	47.73	49.08	19.02	86.36	72.73	77.88	54.55
/organization/organization/child./organization/organization_relationship/child	20	1086	12.5	0	3.33	1084.1	15	0	3.59	1755.1	7.5	2.5	3.91	1753.15	10	2.5	4.07	1167.67	5	0	1.88	1165.75	5	0	2.56	860.8	22.5	5	11.18	858.88	25	15	18.72	865.63	10	0	4.56	863.75	10	0	4.59	27.5
/organization/organization/headquarters./location/mailing_address/citytown	55	1312.81	14.55	4.55	8.5	1301.49	15.45	6.36	10.58	1866.89	10.91	0	3.77	1855.46	12.73	0	4.28	1223.25	7.27	1.82	3.92	1211.88	7.27	1.82	4.34	583.75	30	10	16.39	572.32	31.82	10.91	17.51	397.88	21.82	9.09	14.16	388.17	24.55	9.09	14.51	25.45
/organization/organization/headquarters./location/mailing_address/country	7	555.86	42.86	35.71	39.92	476.5	42.86	35.71	40.24	1561	42.86	35.71	39.4	1481.14	42.86	35.71	40.29	719.43	42.86	42.86	42.98	640.21	42.86	42.86	43.6	294.5	42.86	42.86	43.35	226.14	57.14	42.86	46.95	326.71	42.86	42.86	43.03	254.64	42.86	42.86	43.76	42.86
/organization/organization/headquarters./location/mailing_address/state_province_region	39	1071.36	14.1	5.13	7.8	1045.54	15.38	5.13	8.06	795.72	15.38	3.85	6.9	770.32	17.95	3.85	7.56	1115.23	19.23	3.85	8.48	1089.54	19.23	3.85	8.66	403.58	47.44	19.23	27.81	377.79	48.72	19.23	29.06	280.77	30.77	6.41	13.31	256.14	30.77	6.41	13.48	67.95
/organization/organization/place_founded	16	1701.13	3.13	0	1.73	1700.09	3.13	3.13	3.87	1610.41	6.25	0	1.65	1609.34	6.25	0	1.97	1882.09	6.25	3.13	4.57	1881.09	6.25	3.13	4.59	328.72	18.75	0	5.81	327.72	18.75	3.13	7.96	352.88	21.88	3.13	8.66	352.25	21.88	3.13	9.47	9.38
/organization/organization_founder/organizations_founded	9	2742.94	11.11	0	3.51	2742.22	11.11	0	4.9	2598.11	5.56	0	1.53	2597.44	5.56	0	1.71	3296.11	11.11	0	3.57	3295.39	11.11	0	4.96	1195.11	22.22	5.56	12.53	1194.39	22.22	16.67	19.08	1173.28	11.11	5.56	8.54	1172.61	16.67	5.56	8.6	33.33
/organization/organization_member/member_of./organization/organization_membership/organization	96	88.47	47.4	4.69	16.22	44.02	78.65	43.75	55.14	132.03	47.92	3.65	15.46	85.51	80.73	42.19	55.16	115.92	47.92	3.13	14.97	68.89	76.56	39.06	53.21	103.18	47.4	3.13	16.05	54.99	81.25	47.4	58.82	81.77	50	7.81	20.97	49.59	76.04	39.06	52.39	66.67
/organization/role/leaders./organization/leadership/organization	70	215.91	48.57	32.86	38.73	75.76	55	34.29	42.54	226.93	46.43	25.71	32.92	87.63	53.57	27.14	35.87	220.73	48.57	31.43	38.81	80.29	52.86	33.57	41.39	200.39	50	37.14	42.6	60.64	55	40	45.94	185.25	49.29	32.86	38.78	75.49	52.86	33.57	40.8	53.57
/people/cause_of_death/people	94	2188.82	8.51	2.13	4.27	2165.63	9.04	2.66	4.66	2004.47	7.45	1.06	3.34	1980.88	7.45	1.06	3.4	1716.94	13.3	2.13	4.91	1693.5	13.83	2.13	5.3	750.27	23.94	4.26	10.59	727.16	25	5.85	12.13	774.51	18.09	2.66	7.99	752.62	19.68	3.19	8.39	15.43
/people/deceased_person/place_of_burial	9	914.94	33.33	5.56	12.66	905.22	33.33	5.56	12.67	981.22	22.22	0	5.67	971.06	22.22	0	5.68	245.22	38.89	16.67	23.93	235.33	38.89	16.67	24.01	270	50	5.56	20.45	260.22	50	5.56	20.48	163.89	38.89	16.67	24.6	154.17	38.89	16.67	24.63	44.44
/people/deceased_person/place_of_death	78	2125.53	6.41	2.56	3.98	2105.74	7.05	2.56	4.06	1744.12	3.21	0.64	1.96	1724.03	3.21	0.64	1.97	2654.16	9.62	3.85	5.2	2634.21	10.26	3.85	5.4	803.92	28.21	7.69	14.8	783.87	28.21	8.33	15.16	571.53	23.72	12.82	16.65	554.17	24.36	12.82	16.76	26.92
/people/ethnicity/geographic_distribution	17	142	47.06	11.76	22.76	134.91	55.88	23.53	34.53	136.12	41.18	20.59	28.42	129.71	55.88	26.47	34.16	253.24	44.12	11.76	22.68	246.91	47.06	20.59	31.37	91.91	50	17.65	29.7	84.71	64.71	29.41	43.48	52.32	47.06	11.76	22.38	46.18	50	11.76	23.71	67.65
/people/ethnicity/languages_spoken	29	351.09	31.03	0	7.92	344.79	37.93	15.52	21.66	129.88	39.66	0	9.03	123.48	55.17	6.9	20.91	127.48	44.83	3.45	13.82	121.57	50	12.07	24.77	53.14	53.45	3.45	16.09	46.72	67.24	22.41	35.16	69.17	34.48	3.45	13.13	64.62	50	8.62	19.23	50
/people/ethnicity/people	251	1056.96	18.92	4.18	8.91	989.44	20.52	5.98	10.7	997.04	17.93	4.78	9.45	929.25	20.52	6.37	11.32	902.12	22.51	4.98	10.83	834.74	24.7	7.37	13.24	575.28	36.25	15.14	22.76	508.01	41.04	19.12	26.88	600.74	32.67	10.36	17.48	543.65	36.25	11.95	19.25	35.66
/people/marriage_union_type/unions_of_this_type./people/marriage/location_of_ceremony	53	957.55	48.11	36.79	41.35	727.86	50	37.74	42.47	1026.59	46.23	23.58	31.68	797.51	48.11	25.47	33.81	979.65	48.11	37.74	41.84	749.24	49.06	39.62	43.67	724.66	50	50	50.06	497.13	54.72	50	51.65	624.92	48.11	35.85	39.32	419.25	50.94	37.74	41.72	50
/people/person/employment_history./business/employment_tenure/company	24	1412.1	2.08	0	1.42	1409.94	2.08	0	1.45	1512.67	4.17	0	1.97	1510.58	4.17	0	2.77	1159.06	6.25	4.17	6.1	1156.98	8.33	6.25	7.28	639.94	16.67	6.25	9.89	637.81	20.83	8.33	12.87	507.15	14.58	4.17	7.24	505.25	14.58	4.17	7.45	16.67
/people/person/gender	436	1494.6	49.89	37.5	43.26	155.1	55.85	40.02	47.35	1494.62	49.43	39.11	44.11	154.07	54.93	39.33	46.27	1506.71	49.31	38.88	43.93	167.43	54.01	39.79	46.13	1499.51	50	44.61	47.31	167.2	61.93	48.05	53.41	1552.78	49.2	35.44	41.99	238.39	53.56	36.01	43.91	58.03
/people/person/languages	98	655.07	35.2	7.65	15.97	495.81	39.8	10.71	20.36	718.36	34.18	7.14	15.22	559.52	37.76	10.71	19.67	831.72	37.24	9.18	17.79	671.8	43.37	12.24	21.8	518.08	46.43	25.51	32.83	359.17	53.06	33.67	40.47	482.02	46.43	25.51	32.18	343.66	52.04	32.65	38.49	52.04
/people/person/nationality	494	1282.61	34.62	8	16.07	395	38.26	9.41	18.33	1430.27	32.59	6.78	15.05	543.86	35.63	7.69	16.89	1333.46	33.91	9.51	17.21	447.16	37.35	10.12	19.06	1083.15	47.06	33.1	38.37	220.06	51.92	37.55	42.77	1236.01	43.52	28.04	33.88	365.31	45.04	30.57	35.99	55.57
/people/person/place_of_birth	170	3012.74	1.76	0.29	1.08	2992.37	1.76	0.29	1.09	3575.36	2.35	0.88	1.35	3554.82	2.35	0.88	1.4	2736.64	2.35	0.29	1.14	2716.19	2.35	0.59	1.35	1411.34	14.12	2.06	5.96	1390.88	14.12	2.06	6.11	1397.21	9.71	2.94	5.71	1377.38	9.71	2.94	5.72	12.35
/people/person/places_lived./people/place_lived/location	305	2364.68	2.95	0.16	1.06	2329.66	3.11	0.66	1.61	2305.73	1.8	0.16	0.89	2270.71	2.13	0.33	1.1	2150.66	3.11	0.33	1.72	2115.6	3.28	1.15	2.24	1147.71	14.92	1.8	6.28	1112.65	16.72	3.28	7.86	827.49	15.25	5.25	8.33	797.24	15.74	5.74	8.93	17.21
/people/person/profession	1311	825.61	29.06	2.33	9.48	385.17	38.06	10.53	19.47	903.02	26.51	1.95	8.46	461.98	34.52	8.7	16.75	839.9	28.95	2.4	9.55	398.23	37.87	11.21	19.82	738.22	40.81	4.5	14.3	300.54	49.85	24.64	33.52	629.38	39.32	8.54	17.78	252.58	49.73	21.36	31.01	51.37
/people/person/religion	127	1169.79	19.29	5.12	9.79	1086.57	20.08	5.51	10.4	1380.2	15.35	3.94	7.87	1296.32	15.75	4.72	8.54	1048.28	22.83	5.51	11.76	964.76	24.8	7.09	13.69	724.94	42.91	18.9	27.58	641.34	46.06	21.65	30	709.87	38.58	15.35	23.33	636.52	39.37	16.54	24.4	35.83
/people/person/sibling_s./people/sibling_relationship/sibling	7	2691.93	14.29	0	1.58	2691.5	14.29	0	1.68	3315.21	0	0	1.07	3314.79	0	0	1.1	2344.21	14.29	0	6.4	2343.79	14.29	7.14	9.98	910.21	35.71	0	6.66	909.64	35.71	0	7.6	861.43	14.29	0	2.5	861	14.29	0	2.84	57.14
/people/person/spouse_s./people/marriage/location_of_ceremony	35	2844.11	0	0	0.2	2841.4	0	0	0.21	2538.37	1.43	0	0.88	2535.76	1.43	0	0.89	2187.76	5.71	1.43	3.2	2185.13	5.71	1.43	3.21	1040.19	18.57	1.43	6.61	1037.56	18.57	1.43	7.14	849.04	11.43	2.86	4.78	846.77	11.43	2.86	4.78	28.57
/people/person/spouse_s./people/marriage/spouse	4	8214	0	0	0.03	8213.75	0	0	0.03	5167.5	0	0	0.09	5167.25	0	0	0.09	1523.88	0	0	0.2	1523.63	0	0	0.2	3403.38	0	0	0.32	3402.88	0	0	0.32	830.13	0	0	0.61	829.88	0	0	0.61	0
/people/person/spouse_s./people/marriage/type_of_union	346	1697.94	48.27	28.32	37.27	431.47	48.7	31.94	39.64	1676.14	46.68	28.03	36.19	411.61	47.11	31.65	38.63	1636.59	48.84	29.19	37.86	369.03	49.57	33.09	40.56	1584.42	49.86	41.33	45.57	330.65	50.43	46.97	48.71	1545.25	49.57	28.61	38.99	312.11	50.72	32.23	41.39	51.3
/people/profession/specialization_of	13	3310.58	15.38	0	3.76	3307.88	15.38	0	3.96	4533.04	7.69	3.85	5.45	4530.38	7.69	3.85	5.56	3139.65	7.69	3.85	4.69	3136.92	7.69	3.85	4.7	985.27	34.62	15.38	19.38	982.42	38.46	15.38	20.2	1267.12	15.38	3.85	8.79	1264.81	19.23	3.85	10.45	23.08
/soccer/football_player/current_team./sports/sports_team_roster/team	9	121.44	11.11	5.56	8.11	117.17	16.67	5.56	8.91	108	16.67	5.56	8.33	103.67	16.67	5.56	8.9	164.61	0	0	1.64	160.33	0	0	1.78	122.17	0	0	2.75	117.89	0	0	2.99	130.56	0	0	2.36	126.83	0	0	2.53	11.11
/soccer/football_team/current_roster./soccer/football_roster_position/position	10	331.35	50	0	12.33	48.35	50	30	40.74	333.3	50	0	12.33	50	50	30	40.62	333.75	50	0	12.74	50.4	50	35	43.08	352.75	50	0	12.32	69.2	50	30	40.37	299.6	50	0	13.84	50.3	50	35	43.23	55
/soccer/football_team/current_roster./sports/sports_team_roster/position	12	336.25	50	0	13.41	58.08	50	29.17	40.09	330.67	50	0	13.41	52.54	50	29.17	40.15	325.42	50	0	13.97	47.25	50	37.5	44.75	353.54	50	0	13.4	75.29	50	29.17	39.94	330.96	50	0	14.45	63.54	50	29.17	40.05	50
/sports/pro_athlete/teams./sports/sports_team_roster/team	16	82.56	37.5	6.25	16.25	79.38	40.63	9.38	20.23	69.5	37.5	6.25	17.22	66.25	43.75	9.38	22.31	346.41	31.25	9.38	16.33	343.16	34.38	15.63	21.75	71.78	34.38	3.13	13.17	68.56	37.5	6.25	16.36	118.25	12.5	3.13	7.83	115.41	12.5	3.13	8.05	12.5
/sports/professional_sports_team/draft_picks./sports/sports_league_draft_pick/draft	43	14.41	51.16	2.33	14.91	2.47	100	37.21	59.94	13.8	54.65	4.65	16.54	2.36	100	44.19	64.33	13.56	54.65	2.33	15.46	2.48	100	41.86	61.81	16.41	50	0	10.62	2.52	100	36.05	59.82	11.9	61.63	8.14	23.05	3.23	94.19	41.86	60.48	100
/sports/professional_sports_team/draft_picks./sports/sports_league_draft_pick/school	86	165.31	12.79	0.58	5.28	146.31	18.6	1.74	8.36	296.39	15.12	1.16	6.01	278.18	26.16	2.91	10.52	129.9	11.63	1.74	5.56	111.03	21.51	2.91	8.67	154.46	15.7	4.07	9.3	135.35	26.16	9.3	15.41	165.84	20.93	8.14	13.47	151.73	24.42	8.72	15.27	72.09
/sports/sport/pro_athletes./sports/pro_sports_played/athlete	17	1576.76	32.35	29.41	31.61	1558.06	50	50	50.76	781.62	41.18	29.41	34.8	763.24	58.82	44.12	49.3	574.44	44.12	23.53	31.15	557.68	64.71	38.24	47.9	1133.56	38.24	23.53	30.94	1114.26	61.76	38.24	47.89	795.32	41.18	23.53	29.98	779.59	64.71	35.29	45.6	73.53
/sports/sports_league/teams./sports/sports_league_participation/team	16	65.47	50	40.63	44.5	52.06	62.5	50	54.79	70.97	53.13	34.38	42.21	58.03	71.88	43.75	52.71	60.44	56.25	31.25	42.01	48.69	68.75	46.88	55.66	31.44	53.13	43.75	47.09	17.66	84.38	59.38	65.24	38.78	53.13	40.63	46.86	26.88	65.63	46.88	54.72	78.13
/sports/sports_league_draft/picks./sports/sports_league_draft_pick/school	42	42.02	36.9	1.19	10.53	33.51	51.19	4.76	17.47	43.24	34.52	2.38	10.84	34.54	48.81	8.33	19.24	56.65	27.38	0	9.46	47.98	45.24	3.57	16.43	39.36	34.52	2.38	11.69	30.61	48.81	7.14	20.27	54.36	40.48	7.14	16.19	48.4	50	8.33	19.84	48.81
/sports/sports_position/players./sports/sports_team_roster/team	22	129.16	38.64	0	11.01	30.41	63.64	15.91	31.94	127.11	43.18	0	11.42	28.27	61.36	18.18	34.11	130.77	43.18	2.27	12.57	32.34	68.18	22.73	37.9	132.14	43.18	0	11	33.32	68.18	22.73	35.85	120.91	52.27	6.82	19.45	31.73	54.55	22.73	35.28	34.09
/sports/sports_team/colors	77	183.12	38.96	0.65	11.56	119.85	42.21	7.79	18.55	196.11	38.31	0	11	133.35	43.51	7.79	18.66	311.33	38.31	1.3	11.02	248.07	42.86	7.14	17.14	223.89	44.16	3.9	17.77	161.69	50.65	21.43	32.19	131.37	44.81	3.9	18.21	78.49	48.7	11.04	24.94	46.1
/sports/sports_team/roster./american_football/football_historical_roster_position/position_s	1	32	0	0	5.49	12	50	0	15	42.5	0	0	3.85	22.5	50	0	6.94	41	0	0	4.57	21	50	0	9.72	33	50	0	5.89	13	50	0	18.84	36.5	50	0	5.79	18	50	0	11.61	50
/sports/sports_team/roster./american_football/football_roster_position/position	3	27.17	16.67	0	11.98	9.5	66.67	16.67	29.47	29.33	16.67	0	6.96	11	83.33	16.67	32.64	26.33	16.67	0	8.05	8.67	83.33	33.33	42.35	36.5	0	0	4.6	16	66.67	0	19.97	22.83	33.33	0	8.97	9.67	66.67	16.67	32.21	83.33
/sports/sports_team/roster./baseball/baseball_roster_position/position	3	22.67	50	0	11.27	3.83	100	0	31.67	22.5	50	0	15.6	3.83	100	16.67	41.67	22.17	50	0	12.68	3.5	100	16.67	40.83	22.17	50	0	11.99	3.67	100	16.67	42.22	23.17	33.33	0	12.37	4.83	100	0	27.96	100
/sports/sports_team/roster./basketball/basketball_roster_position/position	2	26.25	50	0	15.6	8	50	0	28.65	27	50	0	13.51	8.75	50	0	22.24	25.5	50	0	19.79	7.25	50	25	41.44	24.25	50	0	19.86	6	75	25	42.36	26.75	50	0	9.62	8.5	75	0	15.59	50
/sports/sports_team/sport	53	199.48	50.94	48.11	49.3	102.64	75.47	62.26	66.65	157.84	49.06	49.06	49.81	60.6	75.47	64.15	67.38	250.96	49.06	48.11	49.27	154.08	74.53	60.38	66.09	117.64	50.94	48.11	49.56	20.26	83.02	63.21	70.05	94.42	51.89	45.28	48.59	22.11	81.13	57.55	67.02	72.64
/sports/sports_team_location/teams	53	2693.18	1.89	0	0.96	2692.72	1.89	0	0.97	2416.37	0.94	0	0.7	2415.93	0.94	0	0.7	2336.67	4.72	0	1.4	2336.21	4.72	0	1.41	731.38	5.66	1.89	3.28	730.9	5.66	1.89	3.28	541.87	3.77	0.94	2.27	541.42	3.77	0.94	2.43	0
/time/event/instance_of_recurring_event	11	2652.64	40.91	40.91	42.09	2635.95	81.82	77.27	79.55	2653.14	40.91	40.91	42.41	2638.5	81.82	81.82	81.82	2640.18	45.45	40.91	42.47	2624.73	81.82	81.82	81.82	1347.95	40.91	40.91	42.04	1329.05	81.82	81.82	81.82	111.95	45.45	40.91	42.95	100.05	81.82	81.82	82.14	81.82
/time/event/locations	34	1086.91	17.65	0	5.1	1082.12	27.94	5.88	12.32	936.57	13.24	0	5.17	931.79	29.41	5.88	12.6	543.37	22.06	1.47	6.68	538.56	36.76	4.41	12.43	230.51	29.41	2.94	10.55	225.79	44.12	8.82	18.75	128.71	25	1.47	9.93	125.19	38.24	2.94	12.65	51.47
/travel/travel_destination/climate./travel/travel_destination_monthly_climate/month	60	24.01	33.33	0.83	9.18	1.06	100	99.17	99.27	24.78	30.83	0	8.25	1.07	100	97.5	98.45	25.01	28.33	0.83	8.4	1.08	100	97.5	98.43	30.4	12.5	0	5.74	1.04	100	95.83	97.92	18.65	44.17	6.67	16.9	1.56	99.17	75	84.6	100
/travel/travel_destination/how_to_get_here./travel/transportation/mode_of_transportation	20	26	52.5	5	24.43	2.45	95	65	73.42	24.95	52.5	2.5	22.62	2.1	100	75	81.22	28.13	50	2.5	22.67	3.17	90	62.5	71.16	28.2	50	0	20.53	1.88	100	52.5	71.27	30.2	50	2.5	22.62	8.72	77.5	47.5	57.35	97.5
/tv/non_character_role/tv_regular_personal_appearances./tv/tv_regular_personal_appearance/person	7	477.86	35.71	7.14	16.29	460.79	42.86	7.14	17.16	2132.21	35.71	14.29	21.87	2118.43	35.71	28.57	31.19	228.07	50	28.57	37.78	211.43	50	35.71	41.45	1383.07	42.86	28.57	36.41	1366.14	57.14	42.86	48.96	1161.64	42.86	28.57	33.64	1147.86	42.86	35.71	37.42	57.14
/tv/tv_network/programs./tv/tv_network_duration/program	26	349.06	28.85	7.69	15.13	340.94	30.77	11.54	19.14	382.73	25	3.85	12.85	374.5	26.92	5.77	14.65	617.37	25	3.85	10.62	609.13	25	3.85	12.11	105.71	48.08	7.69	17.08	97.56	50	13.46	22.09	102.71	21.15	3.85	11.68	95.98	25	3.85	11.87	36.54
/tv/tv_personality/tv_regular_appearances./tv/tv_regular_personal_appearance/program	11	668.36	22.73	9.09	14.76	656.59	22.73	9.09	15.19	747.32	31.82	13.64	21.37	735.95	31.82	22.73	26.32	161.91	40.91	22.73	30.03	150.59	50	31.82	37.24	219.36	40.91	31.82	36.64	207.86	54.55	40.91	48.02	469.23	45.45	18.18	27.7	459.23	45.45	18.18	28.56	72.73
/tv/tv_producer/programs_produced./tv/tv_producer_term/producer_type	22	315.64	47.73	45.45	46.74	193.93	47.73	45.45	47.19	270.86	50	47.73	48.98	147.23	50	47.73	49.32	504.84	45.45	43.18	44.56	380.68	47.73	43.18	45.26	204.91	50	50	50.15	84.98	56.82	50	52.84	257.41	50	50	50.35	181.55	54.55	50	51.84	59.09
/tv/tv_producer/programs_produced./tv/tv_producer_term/program	4	74.38	12.5	0	5.19	68.63	25	0	9.42	737.38	25	0	5.39	731.63	25	0	7.32	247.63	25	0	8.17	241.88	37.5	25	29.2	263.5	12.5	0	3.3	257.75	12.5	0	3.85	71.25	25	0	9.13	66.88	25	0	10.04	50
/tv/tv_program/country_of_origin	32	226.73	43.75	31.25	35.33	139.63	53.13	32.81	40.79	222.58	46.88	35.94	39.92	134.13	56.25	37.5	44.87	229.41	45.31	32.81	37.58	142.13	54.69	34.38	42.3	162.95	51.56	35.94	41.68	75.45	60.94	37.5	46.06	99.69	48.44	31.25	37.37	29.7	62.5	37.5	44.7	62.5
/tv/tv_program/genre	94	71.85	25	1.06	8.14	48.32	42.02	11.7	22.77	91.9	26.6	1.06	8.27	68.38	44.15	12.77	23.21	109.35	29.26	0	7.53	85.63	46.81	9.57	21.29	50.71	36.7	1.06	11.17	27.12	65.43	26.06	38.83	54.39	35.11	5.85	15.79	39.95	45.74	14.36	24.67	61.7
/tv/tv_program/languages	24	122.04	52.08	45.83	49.15	6.54	79.17	52.08	60.32	126.67	50	39.58	43.01	11.31	87.5	41.67	56.83	123.33	50	41.67	45.37	7.6	89.58	47.92	60.36	100.73	52.08	43.75	46.78	6.67	97.92	54.17	65.68	77.85	47.92	39.58	42.51	5.81	87.5	64.58	71.87	81.25
/tv/tv_program/program_creator	2	2467.75	0	0	0.08	2467.75	0	0	0.08	5139	0	0	0.02	5139	0	0	0.02	1323.75	0	0	1.08	1323.75	0	0	1.08	1871.5	0	0	0.88	1871.25	0	0	0.88	399	0	0	1.94	399	0	0	1.94	0
/tv/tv_program/regular_cast./tv/regular_tv_appearance/actor	91	1237.67	7.69	0.55	3.06	1232.86	10.99	2.75	5.49	1463.13	6.59	0.55	2.62	1458.36	10.44	2.2	4.61	1022.33	8.79	0.55	3.16	1017.54	13.19	2.75	5.87	727.43	14.84	2.2	7.38	722.54	22.53	7.14	13.06	383.93	18.68	3.85	8.8	379.71	21.43	6.04	11.21	10.44
/tv/tv_program/tv_producer./tv/tv_producer_term/producer_type	11	93.59	50	50	50.3	26	63.64	50	55.51	88	50	50	50.31	22.09	68.18	54.55	60.48	84.09	50	50	50.32	17.64	68.18	54.55	58.02	301.36	50	50	50.31	234.86	77.27	72.73	74.09	81.73	45.45	45.45	46.17	25.36	45.45	45.45	47.97	77.27
/tv/tv_writer/tv_programs./tv/tv_program_writer_relationship/tv_program	9	1008.17	16.67	5.56	9.99	1000.39	22.22	11.11	14.54	838.06	16.67	5.56	7.74	830.28	16.67	11.11	12.41	910.5	5.56	0	1.64	902.83	5.56	0	2.78	490.39	22.22	0	10.95	482.67	27.78	11.11	18.46	1234.17	22.22	5.56	12.29	1229.17	22.22	5.56	13.2	33.33
/user/alexander/philosophy/philosopher/interests	9	73.28	50	0	14.09	67.94	77.78	22.22	36.41	20.28	50	0	9.57	14.5	66.67	5.56	18.35	29.39	38.89	0	10.83	23.89	50	5.56	22.03	20.61	50	0	10.09	14.89	61.11	5.56	21.84	23.61	50	0	13.23	18.78	55.56	22.22	30.39	66.67
/user/jg/default_domain/olympic_games/sports	11	19	13.64	0	6.77	5.27	90.91	13.64	33.04	20.14	9.09	0	5.43	5.14	100	0	22.3	20.14	9.09	0	5.75	5.32	100	0	23.74	22.55	0	0	4.54	5.73	100	0	19.13	17.77	40.91	0	11.11	8.32	81.82	13.64	36.08	100
/user/ktrueman/default_domain/international_organization/member_states	24	60.33	50	31.25	37.49	10	72.92	47.92	54.94	55.17	50	29.17	37.24	9.04	79.17	60.42	65.52	52.13	52.08	31.25	38.6	7.13	83.33	50	59.79	60.08	50	37.5	41.55	9.06	64.58	45.83	54.13	35.1	56.25	37.5	43.33	5.4	83.33	47.92	61.54	60.42
/user/tsegaran/random/taxonomy_subject/entry./user/tsegaran/random/taxonomy_entry/taxonomy	50	1367.87	45	44	44.49	1142.41	50	44	45.96	1589.4	41	35	37.26	1363.45	46	35	38.75	1233.02	44	42	43	1011.48	51	42	44.91	1134.19	50	50	50.07	908.81	55	51	53.19	1002.14	49	44	45.73	807.95	54	44	47.29	50
